60949 3293.677 3600 596 596 541 55 0 0 0 0 0 0
60949 6893.677 3600 608 608 553 55 0 0 0 0 0 0
60949 10493.677 3600 593 593 538 55 0 0 0 0 0 0
60949 14093.677 3600 594 594 539 55 0 0 0 0 0 0
60949 17693.677 3600 594 594 540 54 0 0 0 0 0 0
60949 21293.677 3600 589 589 533 56 0 0 0 0 0 0
60949 24893.677 3600 597 597 543 54 0 0 0 0 0 0
60949 28493.677 3600 593 593 539 54 0 0 0 0 0 0
60949 32093.677 3600 598 598 544 54 0 0 0 0 0 0
60949 35693.677 3600 591 591 536 55 0 0 0 0 0 0
60949 39293.677 3600 598 598 542 56 0 0 0 0 0 0
60949 42893.677 3600 599 599 543 56 0 0 0 0 0 0
60949 46493.677 3600 592 592 538 54 0 0 0 0 0 0
60949 50093.678 3600 603 603 548 55 0 0 0 0 0 0
60949 53693.677 3600 612 612 557 55 0 0 0 0 0 0
60949 57293.677 3600 605 605 550 55 0 0 0 0 0 0
60949 60893.677 3600 606 606 551 55 0 0 0 0 0 0
60949 64493.677 3600 608 608 553 55 0 0 0 0 0 0
60949 68093.677 3600 606 606 551 55 0 0 0 0 0 0
60949 71693.677 3600 612 612 557 55 0 0 0 0 0 0
60949 75293.678 3600 622 622 567 55 0 0 0 0 0 0
60949 78893.677 3600 601 601 545 56 0 0 0 0 0 0
60949 82493.678 3600 595 595 541 54 0 0 0 0 0 0
60949 86093.678 3600 600 600 545 55 0 0 0 0 0 0
60950 3293.677 3600 597 597 542 55 0 0 0 0 0 0
60950 6893.677 3600 611 611 556 55 0 0 0 0 0 0
60950 10493.677 3600 602 602 548 54 0 0 0 0 0 0
60950 14093.677 3600 602 602 547 55 0 0 0 0 0 0
60950 17693.677 3600 595 595 541 54 0 0 0 0 0 0
60950 21293.677 3600 596 596 541 55 0 0 0 0 0 0
60950 24893.678 3600 597 597 542 55 0 0 0 0 0 0
60950 28493.677 3600 595 595 542 53 0 0 0 0 0 0
60950 32093.677 3600 597 597 542 55 0 0 0 0 0 0
60950 35693.677 3600 598 598 543 55 0 0 0 0 0 0
60950 39293.677 3600 586 586 531 55 0 0 0 0 0 0
60950 42893.677 3600 604 604 548 56 0 0 0 0 0 0
60950 46493.677 3600 604 604 549 55 0 0 0 0 0 0
60950 50093.677 3600 594 594 539 55 0 0 0 0 0 0
60950 53693.677 3600 597 597 542 55 0 0 0 0 0 0
60950 57293.678 3600 575 575 521 54 0 0 0 0 0 0
60950 60893.677 3600 609 609 555 54 0 0 0 0 0 0
60950 64493.677 3600 637 637 581 56 0 0 0 0 0 0
60950 68093.677 3600 623 623 568 55 0 0 0 0 0 0
60950 71693.677 3600 631 631 576 55 0 0 0 0 0 0
60950 75293.677 3600 633 633 578 55 0 0 0 0 0 0
60950 78893.677 3600 624 624 569 55 0 0 0 0 0 0
60950 82493.677 3600 617 617 562 55 0 0 0 0 0 0
60950 86093.678 3600 629 629 574 55 0 0 0 0 0 0
60951 3293.677 3600 626 626 571 55 0 0 0 0 0 0
60951 6893.677 3600 612 612 557 55 0 0 0 0 0 0
60951 10493.677 3600 606 606 551 55 0 0 0 0 0 0
60951 14093.677 3600 613 613 558 55 0 0 0 0 0 0
60951 17693.677 3600 589 589 534 55 0 0 0 0 0 0
60951 21293.677 3600 605 605 551 54 0 0 0 0 0 0
60951 24893.677 3600 607 607 552 55 0 0 0 0 0 0
60951 28493.677 3600 609 609 554 55 0 0 0 0 0 0
60951 32093.677 3600 598 598 543 55 0 0 0 0 0 0
60951 35693.677 3600 595 595 540 55 0 0 0 0 0 0
60951 39293.677 3600 592 592 537 55 0 0 0 0 0 0
60951 42893.677 3600 610 610 554 56 0 0 0 0 0 0
60951 46493.677 3600 640 640 585 55 0 0 0 0 0 0
60951 50093.677 3600 616 616 561 55 0 0 0 0 0 0
60951 53693.677 3600 609 609 554 55 0 0 0 0 0 0
60951 57293.677 3600 596 596 542 54 0 0 0 0 0 0
60951 60893.677 3600 614 614 559 55 0 0 0 0 0 0
60951 64493.677 3600 643 643 588 55 0 0 0 0 0 0
60951 68093.677 3600 617 617 562 55 0 0 0 0 0 0
60951 71693.677 3600 605 605 551 54 0 0 0 0 0 0
60951 75293.677 3600 606 606 551 55 0 0 0 0 0 0
60951 78893.677 3600 608 608 554 54 0 0 0 0 0 0
60951 82493.677 3600 599 599 544 55 0 0 0 0 0 0
60951 86093.677 3600 602 602 546 56 0 0 0 0 0 0
60952 3293.677 3600 604 604 549 55 0 0 0 0 0 0
60952 6893.677 3600 611 611 556 55 0 0 0 0 0 0
60952 10493.677 3600 618 618 563 55 0 0 0 0 0 0
60952 14093.677 3600 613 613 558 55 0 0 0 0 0 0
60952 17693.677 3600 601 601 546 55 0 0 0 0 0 0
60952 21293.677 3600 595 595 540 55 0 0 0 0 0 0
60952 24893.677 3600 601 601 546 55 0 0 0 0 0 0
60952 28493.677 3600 596 596 541 55 0 0 0 0 0 0
60952 32093.677 3600 592 592 537 55 0 0 0 0 0 0
60952 35693.677 3600 599 599 544 55 0 0 0 0 0 0
60952 39293.677 3600 592 592 537 55 0 0 0 0 0 0
60952 42893.678 3600 600 600 544 56 0 0 0 0 0 0
60952 46493.677 3600 602 602 547 55 0 0 0 0 0 0
60952 50093.677 3600 602 602 547 55 0 0 0 0 0 0
60952 53693.677 3600 594 594 540 54 0 0 0 0 0 0
60952 57293.677 3600 594 594 539 55 0 0 0 0 0 0
60952 60893.677 3600 595 595 540 55 0 0 0 0 0 0
60952 64493.677 3600 595 595 540 55 0 0 0 0 0 0
60952 68093.677 3600 588 588 533 55 0 0 0 0 0 0
60952 71693.677 3600 588 588 533 55 0 0 0 0 0 0
60952 75293.677 3600 590 590 535 55 0 0 0 0 0 0
60952 78893.677 3600 586 586 532 54 0 0 0 0 0 0
60952 82493.678 3600 600 600 545 55 0 0 0 0 0 0
60952 86093.677 3600 601 601 545 56 0 0 0 0 0 0
60953 3293.677 3600 598 598 543 55 0 0 0 0 0 0
60953 6893.677 3600 598 598 543 55 0 0 0 0 0 0
60953 10493.677 3600 599 599 545 54 0 0 0 0 0 0
60953 14093.677 3600 606 606 552 54 0 0 0 0 0 0
60953 17693.677 3600 589 589 534 55 0 0 0 0 0 0
60953 21293.677 3600 593 593 538 55 0 0 0 0 0 0
60953 24893.677 3600 619 619 564 55 0 0 0 0 0 0
60953 28493.677 3600 610 610 555 55 0 0 0 0 0 0
60953 32093.677 3600 610 610 555 55 0 0 0 0 0 0
60953 35693.677 3600 605 605 550 55 0 0 0 0 0 0
60953 39293.677 3600 600 600 545 55 0 0 0 0 0 0
60953 42893.677 3600 594 594 538 56 0 0 0 0 0 0
60953 46493.677 3600 593 593 538 55 0 0 0 0 0 0
60953 50093.678 3600 591 591 536 55 0 0 0 0 0 0
60953 53693.677 3600 586 586 531 55 0 0 0 0 0 0
60953 57293.677 3600 595 595 540 55 0 0 0 0 0 0
60953 60893.677 3600 595 595 541 54 0 0 0 0 0 0
60953 64493.677 3600 592 592 537 55 0 0 0 0 0 0
60953 68093.677 3600 598 598 544 54 0 0 0 0 0 0
60953 71693.677 3600 597 597 542 55 0 0 0 0 0 0
60953 75293.677 3600 603 603 548 55 0 0 0 0 0 0
60953 78893.677 3600 594 594 539 55 0 0 0 0 0 0
60953 82493.677 3600 598 598 543 55 0 0 0 0 0 0
60953 86093.677 3600 599 599 543 56 0 0 0 0 0 0
60954 3293.677 3600 599 599 544 55 0 0 0 0 0 0
60954 6893.677 3600 599 599 545 54 0 0 0 0 0 0
60954 10493.677 3600 587 587 532 55 0 0 0 0 0 0
60954 14093.677 3600 592 592 537 55 0 0 0 0 0 0
60954 17693.677 3600 595 595 540 55 0 0 0 0 0 0
60954 21293.677 3600 597 597 543 54 0 0 0 0 0 0
60954 24893.677 3600 594 594 539 55 0 0 0 0 0 0
60954 28493.677 3600 597 597 543 54 0 0 0 0 0 0
60954 32093.677 3600 598 598 543 55 0 0 0 0 0 0
60954 35693.677 3600 616 616 561 55 0 0 0 0 0 0
60954 39293.677 3600 637 637 582 55 0 0 0 0 0 0
60954 42893.677 3600 634 634 579 55 0 0 0 0 0 0
60954 46493.677 3600 619 619 564 55 0 0 0 0 0 0
60954 50093.677 3600 642 642 587 55 0 0 0 0 0 0
60954 53693.677 3600 616 616 561 55 0 0 0 0 0 0
60954 57293.677 3600 614 614 559 55 0 0 0 0 0 0
60954 60893.677 3600 610 610 555 55 0 0 0 0 0 0
60954 64493.677 3600 634 634 579 55 0 0 0 0 0 0
60954 68093.677 3600 636 636 582 54 0 0 0 0 0 0
60954 71693.677 3600 636 636 581 55 0 0 0 0 0 0
60954 75293.677 3600 630 630 575 55 0 0 0 0 0 0
60954 78893.677 3600 619 619 565 54 0 0 0 0 0 0
60954 82493.677 3600 604 604 549 55 0 0 0 0 0 0
60954 86093.677 3600 601 601 545 56 0 0 0 0 0 0
60955 3293.677 3600 600 600 545 55 0 0 0 0 0 0
60955 6893.677 3600 591 591 536 55 0 0 0 0 0 0
60955 10493.677 3600 591 591 536 55 0 0 0 0 0 0
60955 14093.678 3600 596 596 541 55 0 0 0 0 0 0
60955 17693.677 3600 596 596 541 55 0 0 0 0 0 0
60955 21293.677 3600 591 591 536 55 0 0 0 0 0 0
60955 24893.677 3600 589 589 534 55 0 0 0 0 0 0
60955 28493.677 3600 591 591 536 55 0 0 0 0 0 0
60955 32093.677 3600 595 595 540 55 0 0 0 0 0 0
60955 35693.677 3600 601 601 546 55 0 0 0 0 0 0
60955 39293.677 3600 594 594 539 55 0 0 0 0 0 0
60955 42893.677 3600 608 608 552 56 0 0 0 0 0 0
60955 46493.678 3600 585 585 530 55 0 0 0 0 0 0
60955 50093.677 3600 597 597 542 55 0 0 0 0 0 0
60955 53693.678 3600 587 587 532 55 0 0 0 0 0 0
60955 57293.677 3600 590 590 535 55 0 0 0 0 0 0
60955 60893.677 3600 597 597 542 55 0 0 0 0 0 0
60955 64493.677 3600 599 599 544 55 0 0 0 0 0 0
60955 68093.677 3600 600 600 545 55 0 0 0 0 0 0
60955 71693.677 3600 606 606 551 55 0 0 0 0 0 0
60955 75293.677 3600 610 610 557 53 0 0 0 0 0 0
60955 78893.677 3600 595 595 540 55 0 0 0 0 0 0
60955 82493.677 3600 601 601 546 55 0 0 0 0 0 0
60955 86093.677 3600 584 584 529 55 0 0 0 0 0 0
60956 3293.677 3600 604 604 549 55 0 0 0 0 0 0
60956 6893.677 3600 591 591 536 55 0 0 0 0 0 0
60956 10493.677 3600 607 607 554 53 0 0 0 0 0 0
60956 14093.677 3600 597 597 543 54 0 0 0 0 0 0
60956 17693.677 3600 598 598 543 55 0 0 0 0 0 0
60956 21293.677 3600 604 604 549 55 0 0 0 0 0 0
60956 24893.677 3600 603 603 548 55 0 0 0 0 0 0
60956 28493.677 3600 596 596 541 55 0 0 0 0 0 0
60956 32093.677 3600 600 600 546 54 0 0 0 0 0 0
60956 35693.678 3600 591 591 536 55 0 0 0 0 0 0
60956 39293.677 3600 588 588 533 55 0 0 0 0 0 0
60956 42893.677 3600 585 585 529 56 0 0 0 0 0 0
60956 46493.677 3600 600 600 545 55 0 0 0 0 0 0
60956 50093.677 3600 612 612 557 55 0 0 0 0 0 0
60956 53693.677 3600 608 608 553 55 0 0 0 0 0 0
60956 57293.677 3600 608 608 553 55 0 0 0 0 0 0
60956 60893.677 3600 613 613 559 54 0 0 0 0 0 0
60956 64493.677 3600 633 633 578 55 0 0 0 0 0 0
60956 68093.677 3600 638 638 584 54 0 0 0 0 0 0
60956 71693.677 3600 621 621 567 54 0 0 0 0 0 0
60956 75293.677 3600 631 631 576 55 0 0 0 0 0 0
60956 78893.677 3600 628 628 573 55 0 0 0 0 0 0
60956 82493.677 3600 643 643 588 55 0 0 0 0 0 0
60956 86093.677 3600 604 604 548 56 0 0 0 0 0 0
60957 3293.677 3600 621 621 566 55 0 0 0 0 0 0
60957 6893.677 3600 611 611 556 55 0 0 0 0 0 0
60957 10493.677 3600 609 609 554 55 0 0 0 0 0 0
60957 14093.678 3600 605 605 551 54 0 0 0 0 0 0
60957 17693.677 3600 593 593 538 55 0 0 0 0 0 0
60957 21293.677 3600 604 604 549 55 0 0 0 0 0 0
60957 24893.677 3600 598 598 543 55 0 0 0 0 0 0
60957 28493.677 3600 591 591 537 54 0 0 0 0 0 0
60957 32093.677 3600 589 589 536 53 0 0 0 0 0 0
60957 35693.677 3600 596 596 541 55 0 0 0 0 0 0
60957 39293.677 3600 590 590 535 55 0 0 0 0 0 0
60957 42893.677 3600 597 597 541 56 0 0 0 0 0 0
60957 46493.677 3600 591 591 538 53 0 0 0 0 0 0
60957 50093.677 3600 608 608 553 55 0 0 0 0 0 0
60957 53693.677 3600 600 600 546 54 0 0 0 0 0 0
60957 57293.678 3600 597 597 543 54 0 0 0 0 0 0
60957 60893.677 3600 607 607 553 54 0 0 0 0 0 0
60957 64493.677 3600 599 599 546 53 0 0 0 0 0 0
60957 68093.677 3600 608 608 553 55 0 0 0 0 0 0
60957 71693.678 3600 600 600 545 55 0 0 0 0 0 0
60957 75293.677 3600 598 598 543 55 0 0 0 0 0 0
60957 78893.677 3600 597 597 543 54 0 0 0 0 0 0
60957 82493.677 3600 596 596 542 54 0 0 0 0 0 0
60957 86093.677 3600 588 588 532 56 0 0 0 0 0 0
60958 3293.677 3600 596 596 541 55 0 0 0 0 0 0
60958 6893.677 3600 599 599 544 55 0 0 0 0 0 0
60958 10493.677 3600 586 586 531 55 0 0 0 0 0 0
60958 14093.677 3600 597 597 542 55 0 0 0 0 0 0
60958 17693.677 3600 594 594 541 53 0 0 0 0 0 0
60958 21293.677 3600 594 594 539 55 0 0 0 0 0 0
60958 24893.677 3600 597 597 542 55 0 0 0 0 0 0
60958 28493.677 3600 603 603 548 55 0 0 0 0 0 0
60958 32093.677 3600 599 599 544 55 0 0 0 0 0 0
60958 35693.677 3600 598 598 543 55 0 0 0 0 0 0
60958 39293.677 3600 599 599 544 55 0 0 0 0 0 0
60958 42893.677 3600 601 601 545 56 0 0 0 0 0 0
60958 46493.677 3600 598 598 543 55 0 0 0 0 0 0
60958 50093.677 3600 609 609 554 55 0 0 0 0 0 0
60958 53693.677 3600 641 641 587 54 0 0 0 0 0 0
60958 57293.677 3600 640 640 585 55 0 0 0 0 0 0
60958 60893.677 3600 635 635 581 54 0 0 0 0 0 0
60958 64493.677 3600 622 622 567 55 0 0 0 0 0 0
60958 68093.677 3600 611 611 556 55 0 0 0 0 0 0
60958 71693.677 3600 612 612 557 55 0 0 0 0 0 0
60958 75293.677 3600 608 608 553 55 0 0 0 0 0 0
60958 78893.677 3600 606 606 551 55 0 0 0 0 0 0
60958 82493.678 3600 611 611 556 55 0 0 0 0 0 0
60958 86093.677 3600 602 602 547 55 0 0 0 0 0 0
60959 3293.677 3600 600 600 545 55 0 0 0 0 0 0
60959 6893.677 3600 598 598 543 55 0 0 0 0 0 0
60959 10493.677 3600 601 601 546 55 0 0 0 0 0 0
60959 14093.677 3600 606 606 552 54 0 0 0 0 0 0
60959 17693.677 3600 602 602 547 55 0 0 0 0 0 0
60959 21293.677 3600 603 603 548 55 0 0 0 0 0 0
60959 24893.677 3600 594 594 539 55 0 0 0 0 0 0
60959 28493.678 3600 601 601 546 55 0 0 0 0 0 0
60959 32093.677 3600 597 597 542 55 0 0 0 0 0 0
60959 35693.678 3600 593 593 539 54 0 0 0 0 0 0
60959 39293.678 3600 599 599 544 55 0 0 0 0 0 0
60959 42893.677 3600 604 604 548 56 0 0 0 0 0 0
60959 46493.677 3600 604 604 549 55 0 0 0 0 0 0
60959 50093.677 3600 613 613 558 55 0 0 0 0 0 0
60959 53693.677 3600 601 601 546 55 0 0 0 0 0 0
60959 57293.677 3600 602 602 547 55 0 0 0 0 0 0
60959 60893.677 3600 599 599 545 54 0 0 0 0 0 0
60959 64493.677 3600 597 597 542 55 0 0 0 0 0 0
60959 68093.677 3600 593 593 539 54 0 0 0 0 0 0
60959 71693.677 3600 599 599 544 55 0 0 0 0 0 0
60959 75293.677 3600 601 601 546 55 0 0 0 0 0 0
60959 78893.677 3600 602 602 547 55 0 0 0 0 0 0
60959 82493.677 3600 604 604 549 55 0 0 0 0 0 0
60959 86093.678 3600 602 602 548 54 0 0 0 0 0 0
60960 3293.678 3600 588 588 533 55 0 0 0 0 0 0
60960 6893.677 3600 593 593 538 55 0 0 0 0 0 0
60960 10493.677 3600 604 604 549 55 0 0 0 0 0 0
60960 14093.677 3600 593 593 539 54 0 0 0 0 0 0
60960 17693.677 3600 597 597 542 55 0 0 0 0 0 0
60960 21293.677 3600 590 590 535 55 0 0 0 0 0 0
60960 24893.677 3600 627 627 572 55 0 0 0 0 0 0
60960 28493.677 3600 645 645 590 55 0 0 0 0 0 0
60960 32093.677 3600 611 611 556 55 0 0 0 0 0 0
60960 35693.677 3600 606 606 551 55 0 0 0 0 0 0
60960 39293.677 3600 600 600 546 54 0 0 0 0 0 0
60960 42893.677 3600 605 605 549 56 0 0 0 0 0 0
60960 46493.677 3600 593 593 538 55 0 0 0 0 0 0
60960 50093.677 3600 597 597 542 55 0 0 0 0 0 0
60960 53693.677 3600 585 585 531 54 0 0 0 0 0 0
60960 57293.677 3600 589 589 535 54 0 0 0 0 0 0
60960 60893.677 3600 583 583 529 54 0 0 0 0 0 0
60960 64493.677 3600 596 596 541 55 0 0 0 0 0 0
60960 68093.677 3600 591 591 536 55 0 0 0 0 0 0
60960 71693.677 3600 598 598 543 55 0 0 0 0 0 0
60960 75293.677 3600 603 603 548 55 0 0 0 0 0 0
60960 78893.677 3600 603 603 548 55 0 0 0 0 0 0
60960 82493.677 3600 595 595 541 54 0 0 0 0 0 0
60960 86093.677 3600 593 593 537 56 0 0 0 0 0 0
60961 3293.677 3600 589 589 534 55 0 0 0 0 0 0
60961 6893.677 3600 595 595 541 54 0 0 0 0 0 0
60961 10493.677 3600 596 596 541 55 0 0 0 0 0 0
60961 14093.677 3600 600 600 545 55 0 0 0 0 0 0
60961 17693.677 3600 598 598 543 55 0 0 0 0 0 0
60961 21293.677 3600 602 602 547 55 0 0 0 0 0 0
60961 24893.677 3600 596 596 541 55 0 0 0 0 0 0
60961 28493.677 3600 603 603 548 55 0 0 0 0 0 0
60961 32093.677 3600 599 599 545 54 0 0 0 0 0 0
60961 35693.677 3600 614 614 560 54 0 0 0 0 0 0
60961 39293.677 3600 625 625 570 55 0 0 0 0 0 0
60961 42893.677 3600 602 602 546 56 0 0 0 0 0 0
60961 46493.677 3600 606 606 552 54 0 0 0 0 0 0
60961 50093.677 3600 635 635 579 56 0 0 0 0 0 0
60961 53693.677 3600 635 635 582 53 0 0 0 0 0 0
60961 57293.677 3600 628 628 573 55 0 0 0 0 0 0
60961 60893.678 3600 624 624 569 55 0 0 0 0 0 0
60961 64493.677 3600 637 637 582 55 0 0 0 0 0 0
60961 68093.677 3600 602 602 547 55 0 0 0 0 0 0
60961 71693.677 3600 603 603 549 54 0 0 0 0 0 0
60961 75293.677 3600 613 613 558 55 0 0 0 0 0 0
60961 78893.677 3600 595 595 541 54 0 0 0 0 0 0
60961 82493.677 3600 609 609 554 55 0 0 0 0 0 0
60961 86093.677 3600 598 598 543 55 0 0 0 0 0 0
60962 3293.677 3600 604 604 549 55 0 0 0 0 0 0
60962 6893.677 3600 593 593 538 55 0 0 0 0 0 0
60962 10493.677 3600 597 597 542 55 0 0 0 0 0 0
60962 14093.677 3600 586 586 531 55 0 0 0 0 0 0
60962 17693.677 3600 594 594 539 55 0 0 0 0 0 0
60962 21293.677 3600 591 591 537 54 0 0 0 0 0 0
60962 24893.677 3600 597 597 542 55 0 0 0 0 0 0
60962 28493.678 3600 601 601 546 55 0 0 0 0 0 0
60962 32093.677 3600 592 592 537 55 0 0 0 0 0 0
60962 35693.677 3600 587 587 532 55 0 0 0 0 0 0
60962 39293.677 3600 592 592 538 54 0 0 0 0 0 0
60962 42893.677 3600 587 587 531 56 0 0 0 0 0 0
60962 46493.677 3600 593 593 538 55 0 0 0 0 0 0
60962 50093.677 3600 589 589 534 55 0 0 0 0 0 0
60962 53693.677 3600 578 578 524 54 0 0 0 0 0 0
60962 57293.677 3600 593 593 538 55 0 0 0 0 0 0
60962 60893.677 3600 591 591 536 55 0 0 0 0 0 0
60962 64493.677 3600 603 603 548 55 0 0 0 0 0 0
60962 68093.677 3600 614 614 559 55 0 0 0 0 0 0
60962 71693.677 3600 598 598 544 54 0 0 0 0 0 0
60962 75293.677 3600 593 593 538 55 0 0 0 0 0 0
60962 78893.677 3600 592 592 537 55 0 0 0 0 0 0
60962 82493.677 3600 599 599 544 55 0 0 0 0 0 0
60962 86093.677 3600 597 597 541 56 0 0 0 0 0 0
60963 3293.677 3600 599 599 544 55 0 0 0 0 0 0
60963 6893.677 3600 601 601 546 55 0 0 0 0 0 0
60963 10493.677 3600 592 592 537 55 0 0 0 0 0 0
60963 14093.677 3600 596 596 541 55 0 0 0 0 0 0
60963 17693.677 3600 589 589 535 54 0 0 0 0 0 0
60963 21293.677 3600 594 594 539 55 0 0 0 0 0 0
60963 24893.677 3600 601 601 547 54 0 0 0 0 0 0
60963 28493.677 3600 590 590 536 54 0 0 0 0 0 0
60963 32093.677 3600 601 601 546 55 0 0 0 0 0 0
60963 35693.677 3600 586 586 532 54 0 0 0 0 0 0
60963 39293.677 3600 588 588 533 55 0 0 0 0 0 0
60963 42893.677 3600 604 604 548 56 0 0 0 0 0 0
60963 46493.677 3600 597 597 542 55 0 0 0 0 0 0
60963 50093.677 3600 602 602 548 54 0 0 0 0 0 0
60963 53693.677 3600 599 599 544 55 0 0 0 0 0 0
60963 57293.677 3600 605 605 551 54 0 0 0 0 0 0
60963 60893.677 3600 600 600 545 55 0 0 0 0 0 0
60963 64493.677 3600 593 593 538 55 0 0 0 0 0 0
60963 68093.677 3600 590 590 535 55 0 0 0 0 0 0
60963 71693.677 3600 590 590 535 55 0 0 0 0 0 0
60963 75293.677 3600 590 590 535 55 0 0 0 0 0 0
60963 78893.678 3600 591 591 536 55 0 0 0 0 0 0
60963 82493.677 3600 598 598 543 55 0 0 0 0 0 0
60963 86093.677 3600 600 600 544 56 0 0 0 0 0 0
60964 3293.677 3600 584 584 531 53 0 0 0 0 0 0
60964 6893.677 3600 599 599 544 55 0 0 0 0 0 0
60964 10493.677 3600 600 600 545 55 0 0 0 0 0 0
60964 14093.677 3600 588 588 533 55 0 0 0 0 0 0
60964 17693.677 3600 603 603 548 55 0 0 0 0 0 0
60964 21293.677 3600 597 597 542 55 0 0 0 0 0 0
60964 24893.677 3600 592 592 538 54 0 0 0 0 0 0
60964 28493.677 3600 589 589 534 55 0 0 0 0 0 0
60964 32093.677 3600 591 591 536 55 0 0 0 0 0 0
60964 35693.677 3600 593 593 538 55 0 0 0 0 0 0
60964 39293.677 3600 588 588 533 55 0 0 0 0 0 0
60964 42893.677 3600 593 593 537 56 0 0 0 0 0 0
60964 46493.677 3600 600 600 545 55 0 0 0 0 0 0
60964 50093.677 3600 602 602 548 54 0 0 0 0 0 0
60964 53693.677 3600 611 611 556 55 0 0 0 0 0 0
60964 57293.677 3600 600 600 546 54 0 0 0 0 0 0
60964 60893.678 3600 590 590 536 54 0 0 0 0 0 0
60964 64493.677 3600 601 601 546 55 0 0 0 0 0 0
60964 68093.677 3600 601 601 545 56 0 0 0 0 0 0
60964 71693.677 3600 610 610 556 54 0 0 0 0 0 0
60964 75293.678 3600 605 605 550 55 0 0 0 0 0 0
60964 78893.677 3600 602 602 547 55 0 0 0 0 0 0
60964 82493.677 3600 602 602 547 55 0 0 0 0 0 0
60964 86093.677 3600 597 597 542 55 0 0 0 0 0 0
60965 3293.677 3600 595 595 541 54 0 0 0 0 0 0
60965 6893.677 3600 591 591 536 55 0 0 0 0 0 0
60965 10493.678 3600 596 596 541 55 0 0 0 0 0 0
60965 14093.678 3600 616 616 561 55 0 0 0 0 0 0
60965 17693.677 3600 601 601 546 55 0 0 0 0 0 0
60965 21293.677 3600 599 599 545 54 0 0 0 0 0 0
60965 24893.677 3600 594 594 539 55 0 0 0 0 0 0
60965 28493.677 3600 591 591 536 55 0 0 0 0 0 0
60965 32093.677 3600 588 588 533 55 0 0 0 0 0 0
60965 35693.677 3600 585 585 530 55 0 0 0 0 0 0
60965 39293.677 3600 592 592 537 55 0 0 0 0 0 0
60965 42893.677 3600 593 593 537 56 0 0 0 0 0 0
60965 46493.677 3600 600 600 545 55 0 0 0 0 0 0
60965 50093.677 3600 604 604 549 55 0 0 0 0 0 0
60965 53693.677 3600 598 598 544 54 0 0 0 0 0 0
60965 57293.677 3600 599 599 544 55 0 0 0 0 0 0
60965 60893.677 3600 602 602 547 55 0 0 0 0 0 0
60965 64493.677 3600 603 603 548 55 0 0 0 0 0 0
60965 68093.678 3600 603 603 549 54 0 0 0 0 0 0
60965 71693.677 3600 599 599 544 55 0 0 0 0 0 0
60965 75293.677 3600 604 604 549 55 0 0 0 0 0 0
60965 78893.677 3600 596 596 541 55 0 0 0 0 0 0
60965 82493.677 3600 592 592 537 55 0 0 0 0 0 0
60965 86093.677 3600 595 595 539 56 0 0 0 0 0 0
60966 3293.677 3600 596 596 543 53 0 0 0 0 0 0
60966 6893.677 3600 595 595 541 54 0 0 0 0 0 0
60966 10493.677 3600 602 602 548 54 0 0 0 0 0 0
60966 14093.677 3600 587 587 533 54 0 0 0 0 0 0
60966 17693.677 3600 596 596 541 55 0 0 0 0 0 0
60966 21293.677 3600 598 598 544 54 0 0 0 0 0 0
60966 24893.677 3600 599 599 544 55 0 0 0 0 0 0
60966 28493.677 3600 598 598 543 55 0 0 0 0 0 0
60966 32093.678 3600 598 598 544 54 0 0 0 0 0 0
60966 35693.677 3600 592 592 538 54 0 0 0 0 0 0
60966 39293.677 3600 598 598 543 55 0 0 0 0 0 0
60966 42893.677 3600 601 601 545 56 0 0 0 0 0 0
60966 46493.677 3600 592 592 536 56 0 0 0 0 0 0
60966 50093.677 3600 594 594 540 54 0 0 0 0 0 0
60966 53693.677 3600 588 588 532 56 0 0 0 0 0 0
60966 57293.677 3600 583 583 528 55 0 0 0 0 0 0
60966 60893.677 3600 598 598 543 55 0 0 0 0 0 0
60966 64493.677 3600 596 596 541 55 0 0 0 0 0 0
60966 68093.677 3600 593 593 538 55 0 0 0 0 0 0
60966 71693.677 3600 598 598 544 54 0 0 0 0 0 0
60966 75293.677 3600 595 595 540 55 0 0 0 0 0 0
60966 78893.677 3600 598 598 543 55 0 0 0 0 0 0
60966 82493.677 3600 591 591 536 55 0 0 0 0 0 0
60966 86093.677 3600 600 600 545 55 0 0 0 0 0 0
60967 3293.677 3600 604 604 549 55 0 0 0 0 0 0
60967 6893.677 3600 589 589 534 55 0 0 0 0 0 0
60967 10493.677 3600 597 597 542 55 0 0 0 0 0 0
60967 14093.677 3600 596 596 541 55 0 0 0 0 0 0
60967 17693.677 3600 599 599 544 55 0 0 0 0 0 0
60967 21293.677 3600 626 626 571 55 0 0 0 0 0 0
60967 24893.677 3600 650 650 597 53 0 0 0 0 0 0
60967 28493.677 3600 630 630 575 55 0 0 0 0 0 0
60967 32093.677 3600 613 613 559 54 0 0 0 0 0 0
60967 35693.677 3600 626 626 571 55 0 0 0 0 0 0
60967 39293.677 3600 602 602 547 55 0 0 0 0 0 0
60967 42893.677 3600 626 626 572 54 0 0 0 0 0 0
60967 46493.678 3600 622 622 567 55 0 0 0 0 0 0
60967 50093.678 3600 619 619 564 55 0 0 0 0 0 0
60967 53693.678 3600 624 624 569 55 0 0 0 0 0 0
60967 57293.678 3600 651 651 597 54 0 0 0 0 0 0
60967 60893.677 3600 652 652 597 55 0 0 0 0 0 0
60967 64493.677 3600 627 627 572 55 0 0 0 0 0 0
60967 68093.677 3600 625 625 570 55 0 0 0 0 0 0
60967 71693.677 3600 640 640 585 55 0 0 0 0 0 0
60967 75293.677 3600 636 636 581 55 0 0 0 0 0 0
60967 78893.677 3600 632 632 578 54 0 0 0 0 0 0
60967 82493.677 3600 649 649 594 55 0 0 0 0 0 0
60967 86093.678 3600 653 653 597 56 0 0 0 0 0 0
60968 3293.677 3600 650 650 595 55 0 0 0 0 0 0
60968 6893.677 3600 638 638 584 54 0 0 0 0 0 0
60968 10493.677 3600 616 616 562 54 0 0 0 0 0 0
60968 14093.677 3600 627 627 572 55 0 0 0 0 0 0
60968 17693.677 3600 624 624 569 55 0 0 0 0 0 0
60968 21293.677 3600 598 598 544 54 0 0 0 0 0 0
60968 24893.677 3600 594 594 539 55 0 0 0 0 0 0
60968 28493.678 3600 600 600 547 53 0 0 0 0 0 0
60968 32093.677 3600 597 597 541 56 0 0 0 0 0 0
60968 35693.677 3600 597 597 542 55 0 0 0 0 0 0
60968 39293.677 3600 632 632 579 53 0 0 0 0 0 0
60968 42893.677 3600 615 615 560 55 0 0 0 0 0 0
60968 46493.677 3600 599 599 544 55 0 0 0 0 0 0
60968 50093.677 3600 611 611 556 55 0 0 0 0 0 0
60968 53693.677 3600 605 605 550 55 0 0 0 0 0 0
60968 57293.677 3600 600 600 545 55 0 0 0 0 0 0
60968 60893.677 3600 595 595 540 55 0 0 0 0 0 0
60968 64493.677 3600 596 596 541 55 0 0 0 0 0 0
60968 68093.677 3600 613 613 559 54 0 0 0 0 0 0
60968 71693.677 3600 638 638 583 55 0 0 0 0 0 0
60968 75293.677 3600 614 614 560 54 0 0 0 0 0 0
60968 78893.677 3600 638 638 550 55 0 0 0 0 0 0
60968 82493.677 3600 607 607 552 55 0 0 0 0 0 0
60968 86093.677 3600 603 603 548 55 0 0 0 0 0 0
60969 3293.677 3600 608 608 553 55 0 0 0 0 0 0
60969 6893.677 3600 605 605 550 55 0 0 0 0 0 0
60969 10493.677 3600 598 598 544 54 0 0 0 0 0 0
60969 14093.678 3600 598 598 543 55 0 0 0 0 0 0
60969 17693.677 3600 615 615 560 55 0 0 0 0 0 0
60969 21293.677 3600 616 616 561 55 0 0 0 0 0 0
60969 24893.677 3600 603 603 548 55 0 0 0 0 0 0
60969 28493.677 3600 613 613 558 55 0 0 0 0 0 0
60969 32093.677 3600 643 643 589 54 0 0 0 0 0 0
60969 35693.677 3600 628 628 573 55 0 0 0 0 0 0
60969 39293.677 3600 641 641 586 55 0 0 0 0 0 0
60969 42893.677 3600 649 649 593 56 0 0 0 0 0 0
60969 46493.677 3600 629 629 575 54 0 0 0 0 0 0
60969 50093.677 3600 627 627 572 55 0 0 0 0 0 0
60969 53693.677 3600 654 654 599 55 0 0 0 0 0 0
60969 57293.677 3600 646 646 592 54 0 0 0 0 0 0
60969 60893.677 3600 650 650 596 54 0 0 0 0 0 0
60969 64493.677 3600 647 647 592 55 0 0 0 0 0 0
60969 68093.678 3600 644 644 590 54 0 0 0 0 0 0
60969 71693.677 3600 622 622 567 55 0 0 0 0 0 0
60969 75293.677 3600 610 610 556 54 0 0 0 0 0 0
60969 78893.677 3600 606 606 551 55 0 0 0 0 0 0
60969 82493.677 3600 599 599 545 54 0 0 0 0 0 0
60969 86093.677 3600 601 601 545 56 0 0 0 0 0 0
60970 3293.677 3600 596 596 541 55 0 0 0 0 0 0
60970 6893.677 3600 593 593 538 55 0 0 0 0 0 0
60970 10493.677 3600 599 599 545 54 0 0 0 0 0 0
60970 14093.677 3600 590 590 535 55 0 0 0 0 0 0
60970 17693.677 3600 595 595 540 55 0 0 0 0 0 0
60970 21293.677 3600 598 598 544 54 0 0 0 0 0 0
60970 24893.677 3600 599 599 545 54 0 0 0 0 0 0
60970 28493.677 3600 601 601 546 55 0 0 0 0 0 0
60970 32093.677 3600 607 607 552 55 0 0 0 0 0 0
60970 35693.677 3600 595 595 540 55 0 0 0 0 0 0
60970 39293.677 3600 590 590 535 55 0 0 0 0 0 0
60970 42893.677 3600 588 588 534 54 0 0 0 0 0 0
60970 46493.677 3600 589 589 536 53 0 0 0 0 0 0
60970 50093.677 3600 587 587 532 55 0 0 0 0 0 0
60970 53693.677 3600 597 597 542 55 0 0 0 0 0 0
60970 57293.677 3600 599 599 544 55 0 0 0 0 0 0
60970 60893.677 3600 593 593 540 53 0 0 0 0 0 0
60970 64493.677 3600 591 591 537 54 0 0 0 0 0 0
60970 68093.677 3600 588 588 533 55 0 0 0 0 0 0
60970 71693.678 3600 602 602 547 55 0 0 0 0 0 0
60970 75293.677 3600 610 610 555 55 0 0 0 0 0 0
60970 78893.677 3600 602 602 548 54 0 0 0 0 0 0
60970 82493.677 3600 606 606 551 55 0 0 0 0 0 0
60970 86093.677 3600 599 599 543 56 0 0 0 0 0 0
60971 3293.677 3600 594 594 539 55 0 0 0 0 0 0
60971 6893.677 3600 605 605 550 55 0 0 0 0 0 0
60971 10493.677 3600 599 599 544 55 0 0 0 0 0 0
60971 14093.677 3600 603 603 548 55 0 0 0 0 0 0
60971 17693.677 3600 595 595 540 55 0 0 0 0 0 0
60971 21293.677 3600 600 600 545 55 0 0 0 0 0 0
60971 24893.677 3600 608 608 554 54 0 0 0 0 0 0
60971 28493.677 3600 602 602 547 55 0 0 0 0 0 0
60971 32093.677 3600 590 590 536 54 0 0 0 0 0 0
60971 35693.677 3600 599 599 544 55 0 0 0 0 0 0
60971 39293.677 3600 583 583 529 54 0 0 0 0 0 0
60971 42893.677 3600 598 598 542 56 0 0 0 0 0 0
60971 46493.677 3600 598 598 543 55 0 0 0 0 0 0
60971 50093.677 3600 610 610 556 54 0 0 0 0 0 0
60971 53693.677 3600 608 608 553 55 0 0 0 0 0 0
60971 57293.677 3600 599 599 545 54 0 0 0 0 0 0
60971 60893.677 3600 600 600 545 55 0 0 0 0 0 0
60971 64493.677 3600 601 601 546 55 0 0 0 0 0 0
60971 68093.677 3600 591 591 536 55 0 0 0 0 0 0
60971 71693.677 3600 591 591 536 55 0 0 0 0 0 0
60971 75293.677 3600 587 587 534 53 0 0 0 0 0 0
60971 78893.677 3600 600 600 545 55 0 0 0 0 0 0
60971 82493.677 3600 600 600 545 55 0 0 0 0 0 0
60971 86093.677 3600 596 596 540 56 0 0 0 0 0 0
60972 3293.677 3600 599 599 544 55 0 0 0 0 0 0
60972 6893.677 3600 586 586 532 54 0 0 0 0 0 0
60972 10493.677 3600 602 602 547 55 0 0 0 0 0 0
60972 14093.677 3600 598 598 543 55 0 0 0 0 0 0
60972 17693.677 3600 603 603 548 55 0 0 0 0 0 0
60972 21293.677 3600 596 596 542 54 0 0 0 0 0 0
60972 24893.677 3600 605 605 550 55 0 0 0 0 0 0
60972 28493.678 3600 600 600 545 55 0 0 0 0 0 0
60972 32093.677 3600 598 598 543 55 0 0 0 0 0 0
60972 35693.677 3600 598 598 543 55 0 0 0 0 0 0
60972 39293.677 3600 592 592 538 54 0 0 0 0 0 0
60972 42893.677 3600 601 601 545 56 0 0 0 0 0 0
60972 46493.677 3600 605 605 550 55 0 0 0 0 0 0
60972 50093.677 3600 591 591 535 56 0 0 0 0 0 0
60972 53693.677 3600 593 593 540 53 0 0 0 0 0 0
60972 57293.677 3600 599 599 544 55 0 0 0 0 0 0
60972 60893.677 3600 602 602 547 55 0 0 0 0 0 0
60972 64493.677 3600 596 596 541 55 0 0 0 0 0 0
60972 68093.677 3600 618 618 563 55 0 0 0 0 0 0
60972 71693.677 3600 606 606 551 55 0 0 0 0 0 0
60972 75293.677 3600 606 606 551 55 0 0 0 0 0 0
60972 78893.677 3600 618 618 563 55 0 0 0 0 0 0
60972 82493.677 3600 628 628 573 55 0 0 0 0 0 0
60972 86093.677 3600 619 619 563 56 0 0 0 0 0 0
60973 3293.677 3600 634 634 579 55 0 0 0 0 0 0
60973 6893.677 3600 611 611 557 54 0 0 0 0 0 0
60973 10493.677 3600 608 608 554 54 0 0 0 0 0 0
60973 14093.677 3600 611 611 556 55 0 0 0 0 0 0
60973 17693.677 3600 617 617 563 54 0 0 0 0 0 0
60973 21293.677 3600 612 612 557 55 0 0 0 0 0 0
60973 24893.677 3600 606 606 550 56 0 0 0 0 0 0
60973 28493.677 3600 592 592 538 54 0 0 0 0 0 0
60973 32093.677 3600 587 587 532 55 0 0 0 0 0 0
60973 35693.677 3600 588 588 533 55 0 0 0 0 0 0
60973 39293.677 3600 589 589 534 55 0 0 0 0 0 0
60973 42893.677 3600 585 585 530 55 0 0 0 0 0 0
60973 46493.677 3600 606 606 551 55 0 0 0 0 0 0
60973 50093.677 3600 615 615 560 55 0 0 0 0 0 0
60973 53693.677 3600 605 605 550 55 0 0 0 0 0 0
60973 57293.677 3600 606 606 551 55 0 0 0 0 0 0
60973 60893.677 3600 590 590 535 55 0 0 0 0 0 0
60973 64493.677 3600 590 590 536 54 0 0 0 0 0 0
60973 68093.677 3600 607 607 552 55 0 0 0 0 0 0
60973 71693.677 3600 596 596 541 55 0 0 0 0 0 0
60973 75293.677 3600 603 603 548 55 0 0 0 0 0 0
60973 78893.677 3600 598 598 544 54 0 0 0 0 0 0
60973 82493.677 3600 599 599 544 55 0 0 0 0 0 0
60973 86093.677 3600 600 600 544 56 0 0 0 0 0 0
60974 3293.677 3600 597 597 542 55 0 0 0 0 0 0
60974 6893.677 3600 606 606 551 55 0 0 0 0 0 0
60974 10493.677 3600 601 601 547 54 0 0 0 0 0 0
60974 14093.678 3600 605 605 550 55 0 0 0 0 0 0
60974 17693.677 3600 602 602 548 54 0 0 0 0 0 0
60974 21293.677 3600 600 600 545 55 0 0 0 0 0 0
60974 24893.677 3600 622 622 568 54 0 0 0 0 0 0
60974 28493.677 3600 661 661 606 55 0 0 0 0 0 0
60974 32093.677 3600 626 626 571 55 0 0 0 0 0 0
60974 35693.677 3600 600 600 545 55 0 0 0 0 0 0
60974 39293.677 3600 589 589 534 55 0 0 0 0 0 0
60974 42893.677 3600 600 600 544 56 0 0 0 0 0 0
60974 46493.677 3600 606 606 551 55 0 0 0 0 0 0
60974 50093.677 3600 626 626 571 55 0 0 0 0 0 0
60974 53693.677 3600 637 637 582 55 0 0 0 0 0 0
60974 57293.677 3600 640 640 585 55 0 0 0 0 0 0
60974 60893.678 3600 616 616 561 55 0 0 0 0 0 0
60974 64493.677 3600 641 641 586 55 0 0 0 0 0 0
60974 68093.677 3600 628 628 573 55 0 0 0 0 0 0
60974 71693.677 3600 619 619 565 54 0 0 0 0 0 0
60974 75293.677 3600 615 615 560 55 0 0 0 0 0 0
60974 78893.677 3600 613 613 559 54 0 0 0 0 0 0
60974 82493.678 3600 608 608 553 55 0 0 0 0 0 0
60974 86093.677 3600 610 610 554 56 0 0 0 0 0 0
60975 3293.677 3600 613 613 558 55 0 0 0 0 0 0
60975 6893.677 3600 598 598 545 53 0 0 0 0 0 0
60975 10493.677 3600 592 592 537 55 0 0 0 0 0 0
60975 14093.677 3600 588 588 534 54 0 0 0 0 0 0
60975 17693.677 3600 600 600 545 55 0 0 0 0 0 0
60975 21293.677 3600 594 594 540 54 0 0 0 0 0 0
60975 24893.678 3600 597 597 542 55 0 0 0 0 0 0
60975 28493.677 3600 604 604 549 55 0 0 0 0 0 0
60975 32093.677 3600 599 599 544 55 0 0 0 0 0 0
60975 35693.677 3600 611 611 556 55 0 0 0 0 0 0
60975 39293.677 3600 631 631 576 55 0 0 0 0 0 0
60975 42893.677 3600 624 624 568 56 0 0 0 0 0 0
60975 46493.677 3600 634 634 579 55 0 0 0 0 0 0
60975 50093.677 3600 634 634 579 55 0 0 0 0 0 0
60975 53693.677 3600 635 635 580 55 0 0 0 0 0 0
60975 57293.677 3600 635 635 580 55 0 0 0 0 0 0
60975 60893.677 3600 640 640 585 55 0 0 0 0 0 0
60975 64493.677 3600 619 619 565 54 0 0 0 0 0 0
60975 68093.677 3600 615 615 559 56 0 0 0 0 0 0
60975 71693.678 3600 607 607 553 54 0 0 0 0 0 0
60975 75293.677 3600 599 599 544 55 0 0 0 0 0 0
60975 78893.677 3600 605 605 550 55 0 0 0 0 0 0
60975 82493.677 3600 604 604 549 55 0 0 0 0 0 0
60975 86093.677 3600 603 603 547 56 0 0 0 0 0 0
60976 3293.677 3600 608 608 553 55 0 0 0 0 0 0
60976 6893.677 3600 588 588 533 55 0 0 0 0 0 0
60976 10493.677 3600 597 597 542 55 0 0 0 0 0 0
60976 14093.677 3600 601 601 546 55 0 0 0 0 0 0
60976 17693.677 3600 600 600 545 55 0 0 0 0 0 0
60976 21293.677 3600 611 611 556 55 0 0 0 0 0 0
60976 24893.677 3600 605 605 550 55 0 0 0 0 0 0
60976 28493.677 3600 606 606 551 55 0 0 0 0 0 0
60976 32093.677 3600 587 587 532 55 0 0 0 0 0 0
60976 35693.677 3600 588 588 533 55 0 0 0 0 0 0
60976 39293.677 3600 577 577 522 55 0 0 0 0 0 0
60976 42893.677 3600 602 602 546 56 0 0 0 0 0 0
60976 46493.677 3600 601 601 547 54 0 0 0 0 0 0
60976 50093.677 3600 600 600 545 55 0 0 0 0 0 0
60976 53693.677 3600 602 602 547 55 0 0 0 0 0 0
60976 57293.677 3600 598 598 543 55 0 0 0 0 0 0
60976 60893.677 3600 609 609 554 55 0 0 0 0 0 0
60976 64493.677 3600 600 600 547 53 0 0 0 0 0 0
60976 68093.678 3600 601 601 547 54 0 0 0 0 0 0
60976 71693.677 3600 598 598 544 54 0 0 0 0 0 0
60976 75293.677 3600 608 608 552 56 0 0 0 0 0 0
60976 78893.677 3600 607 607 553 54 0 0 0 0 0 0
60976 82493.677 3600 602 602 548 54 0 0 0 0 0 0
60976 86093.678 3600 603 603 546 57 0 0 0 0 0 0
60977 3293.678 3600 607 607 552 55 0 0 0 0 0 0
60977 6893.677 3600 606 606 552 54 0 0 0 0 0 0
60977 10493.677 3600 622 622 567 55 0 0 0 0 0 0
60977 14093.677 3600 624 624 569 55 0 0 0 0 0 0
60977 17693.677 3600 643 643 588 55 0 0 0 0 0 0
60977 21293.678 3600 642 642 587 55 0 0 0 0 0 0
60977 24893.678 3600 581 581 526 55 0 0 0 0 0 0
60977 28493.677 3600 593 593 538 55 0 0 0 0 0 0
60977 32093.677 3600 613 613 559 54 0 0 0 0 0 0
60977 35693.677 3600 652 652 597 55 0 0 0 0 0 0
60977 39293.677 3600 639 639 584 55 0 0 0 0 0 0
60977 42893.677 3600 616 616 561 55 0 0 0 0 0 0
60977 46493.677 3600 596 596 541 55 0 0 0 0 0 0
60977 50093.677 3600 594 594 540 54 0 0 0 0 0 0
60977 53693.677 3600 612 612 556 56 0 0 0 0 0 0
60977 57293.677 3600 606 606 551 55 0 0 0 0 0 0
60977 60893.677 3600 612 612 558 54 0 0 0 0 0 0
60977 64493.678 3600 598 598 543 55 0 0 0 0 0 0
60977 68093.677 3600 603 603 547 56 0 0 0 0 0 0
60977 71693.678 3600 600 600 545 55 0 0 0 0 0 0
60977 75293.677 3600 602 602 547 55 0 0 0 0 0 0
60977 78893.678 3600 588 588 535 53 0 0 0 0 0 0
60977 82493.677 3600 605 605 550 55 0 0 0 0 0 0
60977 86093.677 3600 595 595 539 56 0 0 0 0 0 0
60978 3293.677 3600 596 596 542 54 0 0 0 0 0 0
60978 6893.677 3600 602 602 547 55 0 0 0 0 0 0
60978 10493.677 3600 596 596 541 55 0 0 0 0 0 0
60978 14093.677 3600 599 599 544 55 0 0 0 0 0 0
60978 17693.677 3600 587 587 532 55 0 0 0 0 0 0
60978 21293.677 3600 590 590 535 55 0 0 0 0 0 0
60978 24893.677 3600 601 601 546 55 0 0 0 0 0 0
60978 28493.677 3600 603 603 548 55 0 0 0 0 0 0
60978 32093.677 3600 592 592 537 55 0 0 0 0 0 0
60978 35693.677 3600 591 591 537 54 0 0 0 0 0 0
60978 39293.677 3600 609 609 554 55 0 0 0 0 0 0
60978 42893.678 3600 589 589 533 56 0 0 0 0 0 0
60978 46493.677 3600 593 593 538 55 0 0 0 0 0 0
60978 50093.677 3600 603 603 548 55 0 0 0 0 0 0
60978 53693.677 3600 597 597 543 54 0 0 0 0 0 0
60978 57293.677 3600 612 612 557 55 0 0 0 0 0 0
60978 60893.677 3600 612 612 557 55 0 0 0 0 0 0
60978 64493.677 3600 617 617 563 54 0 0 0 0 0 0
60978 68093.678 3600 602 602 547 55 0 0 0 0 0 0
60978 71693.677 3600 603 603 549 54 0 0 0 0 0 0
60978 75293.677 3600 597 597 543 54 0 0 0 0 0 0
60978 78893.677 3600 602 602 548 54 0 0 0 0 0 0
60978 82493.678 3600 606 606 552 54 0 0 0 0 0 0
60978 86093.677 3600 609 609 553 56 0 0 0 0 0 0
60979 3293.677 3600 604 604 549 55 0 0 0 0 0 0
60979 6893.677 3600 596 596 541 55 0 0 0 0 0 0
60979 10493.677 3600 602 602 547 55 0 0 0 0 0 0
60979 14093.677 3600 596 596 541 55 0 0 0 0 0 0
60979 17693.677 3600 593 593 539 54 0 0 0 0 0 0
60979 21293.677 3600 596 596 541 55 0 0 0 0 0 0
60979 24893.677 3600 594 594 540 54 0 0 0 0 0 0
60979 28493.677 3600 601 601 547 54 0 0 0 0 0 0
60979 32093.677 3600 601 601 546 55 0 0 0 0 0 0
60979 35693.677 3600 618 618 563 55 0 0 0 0 0 0
60979 39293.677 3600 647 647 592 55 0 0 0 0 0 0
60979 42893.677 3600 639 639 583 56 0 0 0 0 0 0
60979 46493.677 3600 610 610 555 55 0 0 0 0 0 0
60979 50093.677 3600 607 607 552 55 0 0 0 0 0 0
60979 53693.678 3600 601 601 547 54 0 0 0 0 0 0
60979 57293.678 3600 613 613 559 54 0 0 0 0 0 0
60979 60893.677 3600 609 609 554 55 0 0 0 0 0 0
60979 64493.677 3600 608 608 553 55 0 0 0 0 0 0
60979 68093.677 3600 618 618 563 55 0 0 0 0 0 0
60979 71693.677 3600 631 631 576 55 0 0 0 0 0 0
60979 75293.677 3600 612 612 557 55 0 0 0 0 0 0
60979 78893.677 3600 615 615 560 55 0 0 0 0 0 0
60979 82493.677 3600 601 601 548 53 0 0 0 0 0 0
60979 86093.677 3600 606 606 550 56 0 0 0 0 0 0
