60980 3293.677 3600 606 606 551 55 0 0 0 0 0 0
60980 6893.677 3600 609 609 554 55 0 0 0 0 0 0
60980 10493.677 3600 597 597 542 55 0 0 0 0 0 0
60980 14093.677 3600 588 588 533 55 0 0 0 0 0 0
60980 17693.677 3600 601 601 546 55 0 0 0 0 0 0
60980 21293.677 3600 600 600 545 55 0 0 0 0 0 0
60980 24893.678 3600 591 591 537 54 0 0 0 0 0 0
60980 28493.677 3600 595 595 540 55 0 0 0 0 0 0
60980 32093.677 3600 606 606 551 55 0 0 0 0 0 0
60980 35693.677 3600 595 595 540 55 0 0 0 0 0 0
60980 39293.677 3600 596 596 541 55 0 0 0 0 0 0
60980 42893.677 3600 594 594 539 55 0 0 0 0 0 0
60980 46493.677 3600 600 600 545 55 0 0 0 0 0 0
60980 50093.677 3600 597 597 542 55 0 0 0 0 0 0
60980 53693.677 3600 604 604 549 55 0 0 0 0 0 0
60980 57293.677 3600 600 600 546 54 0 0 0 0 0 0
60980 60893.677 3600 605 605 550 55 0 0 0 0 0 0
60980 64493.677 3600 608 608 553 55 0 0 0 0 0 0
60980 68093.677 3600 620 620 566 54 0 0 0 0 0 0
60980 71693.677 3600 611 611 557 54 0 0 0 0 0 0
60980 75293.677 3600 614 614 559 55 0 0 0 0 0 0
60980 78893.677 3600 610 610 555 55 0 0 0 0 0 0
60980 82493.677 3600 609 609 555 54 0 0 0 0 0 0
60980 86093.677 3600 623 623 567 56 0 0 0 0 0 0
60981 3293.677 3600 602 602 547 55 0 0 0 0 0 0
60981 6893.677 3600 595 595 540 55 0 0 0 0 0 0
60981 10493.677 3600 599 599 544 55 0 0 0 0 0 0
60981 14093.677 3600 602 602 548 54 0 0 0 0 0 0
60981 17693.677 3600 594 594 539 55 0 0 0 0 0 0
60981 21293.677 3600 593 593 538 55 0 0 0 0 0 0
60981 24893.677 3600 621 621 566 55 0 0 0 0 0 0
60981 28493.677 3600 625 625 571 54 0 0 0 0 0 0
60981 32093.677 3600 612 612 557 55 0 0 0 0 0 0
60981 35693.677 3600 594 594 539 55 0 0 0 0 0 0
60981 39293.677 3600 592 592 537 55 0 0 0 0 0 0
60981 42893.677 3600 589 589 534 55 0 0 0 0 0 0
60981 46493.677 3600 586 586 531 55 0 0 0 0 0 0
60981 50093.677 3600 590 590 535 55 0 0 0 0 0 0
60981 53693.677 3600 601 601 546 55 0 0 0 0 0 0
60981 57293.677 3600 598 598 543 55 0 0 0 0 0 0
60981 60893.677 3600 594 594 539 55 0 0 0 0 0 0
60981 64493.677 3600 597 597 542 55 0 0 0 0 0 0
60981 68093.677 3600 592 592 537 55 0 0 0 0 0 0
60981 71693.678 3600 599 599 545 54 0 0 0 0 0 0
60981 75293.677 3600 603 603 548 55 0 0 0 0 0 0
60981 78893.677 3600 599 599 545 54 0 0 0 0 0 0
60981 82493.677 3600 597 597 542 55 0 0 0 0 0 0
60981 86093.677 3600 608 608 552 56 0 0 0 0 0 0
60982 3293.677 3600 601 601 546 55 0 0 0 0 0 0
60982 6893.677 3600 599 599 544 55 0 0 0 0 0 0
60982 10493.677 3600 600 600 546 54 0 0 0 0 0 0
60982 14093.677 3600 605 605 552 53 0 0 0 0 0 0
60982 17693.677 3600 597 597 543 54 0 0 0 0 0 0
60982 21293.677 3600 609 609 554 55 0 0 0 0 0 0
60982 24893.678 3600 612 612 557 55 0 0 0 0 0 0
60982 28493.677 3600 603 603 548 55 0 0 0 0 0 0
60982 32093.677 3600 602 602 547 55 0 0 0 0 0 0
60982 35693.677 3600 595 595 540 55 0 0 0 0 0 0
60982 39293.677 3600 608 608 553 55 0 0 0 0 0 0
60982 42893.677 3600 599 599 545 54 0 0 0 0 0 0
60982 46493.677 3600 598 598 543 55 0 0 0 0 0 0
60982 50093.677 3600 601 601 546 55 0 0 0 0 0 0
60982 53693.677 3600 602 602 547 55 0 0 0 0 0 0
60982 57293.677 3600 600 600 545 55 0 0 0 0 0 0
60982 60893.677 3600 604 604 550 54 0 0 0 0 0 0
60982 64493.677 3600 610 610 555 55 0 0 0 0 0 0
60982 68093.677 3600 610 610 555 55 0 0 0 0 0 0
60982 71693.677 3600 595 595 540 55 0 0 0 0 0 0
60982 75293.677 3600 609 609 555 54 0 0 0 0 0 0
60982 78893.677 3600 606 606 551 55 0 0 0 0 0 0
60982 82493.677 3600 606 606 551 55 0 0 0 0 0 0
60982 86093.677 3600 611 611 555 56 0 0 0 0 0 0
60983 3293.677 3600 624 624 569 55 0 0 0 0 0 0
60983 6893.677 3600 628 628 573 55 0 0 0 0 0 0
60983 10493.677 3600 609 609 554 55 0 0 0 0 0 0
60983 14093.677 3600 601 601 546 55 0 0 0 0 0 0
60983 17693.677 3600 589 589 535 54 0 0 0 0 0 0
60983 21293.678 3600 608 608 553 55 0 0 0 0 0 0
60983 24893.677 3600 608 608 554 54 0 0 0 0 0 0
60983 28493.677 3600 595 595 540 55 0 0 0 0 0 0
60983 32093.677 3600 592 592 538 54 0 0 0 0 0 0
60983 35693.677 3600 594 594 539 55 0 0 0 0 0 0
60983 39293.677 3600 589 589 535 54 0 0 0 0 0 0
60983 42893.677 3600 594 594 538 56 0 0 0 0 0 0
60983 46493.677 3600 590 590 535 55 0 0 0 0 0 0
60983 50093.677 3600 608 608 553 55 0 0 0 0 0 0
60983 53693.677 3600 610 610 555 55 0 0 0 0 0 0
60983 57293.677 3600 599 599 545 54 0 0 0 0 0 0
60983 60893.677 3600 597 597 542 55 0 0 0 0 0 0
60983 64493.677 3600 596 596 541 55 0 0 0 0 0 0
60983 68093.677 3600 598 598 543 55 0 0 0 0 0 0
60983 71693.677 3600 602 602 547 55 0 0 0 0 0 0
60983 75293.677 3600 596 596 541 55 0 0 0 0 0 0
60983 78893.677 3600 597 597 542 55 0 0 0 0 0 0
60983 82493.677 3600 604 604 550 54 0 0 0 0 0 0
60983 86093.677 3600 597 597 541 56 0 0 0 0 0 0
60984 3293.677 3600 601 601 546 55 0 0 0 0 0 0
60984 6893.677 3600 598 598 543 55 0 0 0 0 0 0
60984 10493.677 3600 602 602 547 55 0 0 0 0 0 0
60984 14093.677 3600 607 607 552 55 0 0 0 0 0 0
60984 17693.677 3600 597 597 542 55 0 0 0 0 0 0
60984 21293.677 3600 593 593 539 54 0 0 0 0 0 0
60984 24893.677 3600 594 594 539 55 0 0 0 0 0 0
60984 28493.677 3600 594 594 542 52 0 0 0 0 0 0
60984 32093.677 3600 594 594 539 55 0 0 0 0 0 0
60984 35693.677 3600 588 588 533 55 0 0 0 0 0 0
60984 39293.677 3600 593 593 538 55 0 0 0 0 0 0
60984 42893.677 3600 583 583 530 53 0 0 0 0 0 0
60984 46493.677 3600 604 604 549 55 0 0 0 0 0 0
60984 50093.677 3600 606 606 553 53 0 0 0 0 0 0
60984 53693.677 3600 615 615 561 54 0 0 0 0 0 0
60984 57293.677 3600 624 624 569 55 0 0 0 0 0 0
60984 60893.677 3600 613 613 559 54 0 0 0 0 0 0
60984 64493.677 3600 616 616 562 54 0 0 0 0 0 0
60984 68093.677 3600 614 614 559 55 0 0 0 0 0 0
60984 71693.677 3600 620 620 565 55 0 0 0 0 0 0
60984 75293.677 3600 622 622 566 56 0 0 0 0 0 0
60984 78893.677 3600 623 623 570 53 0 0 0 0 0 0
60984 82493.677 3600 625 625 571 54 0 0 0 0 0 0
60984 86093.677 3600 624 624 568 56 0 0 0 0 0 0
60985 3293.677 3600 629 629 574 55 0 0 0 0 0 0
60985 6893.677 3600 636 636 581 55 0 0 0 0 0 0
60985 10493.677 3600 653 653 598 55 0 0 0 0 0 0
60985 14093.677 3600 667 667 612 55 0 0 0 0 0 0
60985 17693.677 3600 662 662 607 55 0 0 0 0 0 0
60985 21293.677 3600 693 693 638 55 0 0 0 0 0 0
60985 24893.677 3600 627 627 572 55 0 0 0 0 0 0
60985 28493.677 3600 609 609 554 55 0 0 0 0 0 0
60985 32093.677 3600 601 601 547 54 0 0 0 0 0 0
60985 35693.678 3600 603 603 548 55 0 0 0 0 0 0
60985 39293.677 3600 592 592 537 55 0 0 0 0 0 0
60985 42893.677 3600 595 595 539 56 0 0 0 0 0 0
60985 46493.677 3600 601 601 545 56 0 0 0 0 0 0
60985 50093.677 3600 599 599 545 54 0 0 0 0 0 0
60985 53693.677 3600 612 612 557 55 0 0 0 0 0 0
60985 57293.677 3600 610 610 555 55 0 0 0 0 0 0
60985 60893.677 3600 627 627 572 55 0 0 0 0 0 0
60985 64493.678 3600 601 601 546 55 0 0 0 0 0 0
60985 68093.677 3600 602 602 547 55 0 0 0 0 0 0
60985 71693.677 3600 598 598 543 55 0 0 0 0 0 0
60985 75293.677 3600 586 586 531 55 0 0 0 0 0 0
60985 78893.677 3600 596 596 542 54 0 0 0 0 0 0
60985 82493.677 3600 594 594 539 55 0 0 0 0 0 0
60985 86093.677 3600 601 601 545 56 0 0 0 0 0 0
60986 3293.677 3600 599 599 544 55 0 0 0 0 0 0
60986 6893.677 3600 592 592 537 55 0 0 0 0 0 0
60986 10493.677 3600 603 603 548 55 0 0 0 0 0 0
60986 14093.677 3600 595 595 540 55 0 0 0 0 0 0
60986 17693.678 3600 596 596 541 55 0 0 0 0 0 0
60986 21293.677 3600 606 606 551 55 0 0 0 0 0 0
60986 24893.677 3600 600 600 545 55 0 0 0 0 0 0
60986 28493.677 3600 594 594 539 55 0 0 0 0 0 0
60986 32093.677 3600 598 598 543 55 0 0 0 0 0 0
60986 35693.677 3600 594 594 539 55 0 0 0 0 0 0
60986 39293.677 3600 600 600 544 56 0 0 0 0 0 0
60986 42893.677 3600 602 602 546 56 0 0 0 0 0 0
60986 46493.677 3600 598 598 544 54 0 0 0 0 0 0
60986 50093.677 3600 594 594 541 53 0 0 0 0 0 0
60986 53693.677 3600 604 604 549 55 0 0 0 0 0 0
60986 57293.677 3600 596 596 541 55 0 0 0 0 0 0
60986 60893.677 3600 594 594 540 54 0 0 0 0 0 0
60986 64493.677 3600 593 593 539 54 0 0 0 0 0 0
60986 68093.677 3600 599 599 544 55 0 0 0 0 0 0
60986 71693.677 3600 586 586 532 54 0 0 0 0 0 0
60986 75293.677 3600 601 601 546 55 0 0 0 0 0 0
60986 78893.677 3600 601 601 546 55 0 0 0 0 0 0
60986 82493.677 3600 597 597 542 55 0 0 0 0 0 0
60986 86093.677 3600 598 598 542 56 0 0 0 0 0 0
60987 3293.677 3600 598 598 544 54 0 0 0 0 0 0
60987 6893.677 3600 600 600 545 55 0 0 0 0 0 0
60987 10493.677 3600 600 600 545 55 0 0 0 0 0 0
60987 14093.677 3600 613 613 558 55 0 0 0 0 0 0
60987 17693.677 3600 608 608 553 55 0 0 0 0 0 0
60987 21293.677 3600 595 595 540 55 0 0 0 0 0 0
60987 24893.677 3600 592 592 538 54 0 0 0 0 0 0
60987 28493.677 3600 598 598 544 54 0 0 0 0 0 0
60987 32093.677 3600 610 610 555 55 0 0 0 0 0 0
60987 35693.677 3600 606 606 551 55 0 0 0 0 0 0
60987 39293.677 3600 608 608 553 55 0 0 0 0 0 0
60987 42893.677 3600 605 605 550 55 0 0 0 0 0 0
60987 46493.677 3600 607 607 552 55 0 0 0 0 0 0
60987 50093.677 3600 621 621 566 55 0 0 0 0 0 0
60987 53693.677 3600 615 615 560 55 0 0 0 0 0 0
60987 57293.677 3600 604 604 549 55 0 0 0 0 0 0
60987 60893.677 3600 602 602 547 55 0 0 0 0 0 0
60987 64493.677 3600 599 599 544 55 0 0 0 0 0 0
60987 68093.677 3600 588 588 534 54 0 0 0 0 0 0
60987 71693.678 3600 603 603 548 55 0 0 0 0 0 0
60987 75293.677 3600 601 601 548 53 0 0 0 0 0 0
60987 78893.677 3600 599 599 545 54 0 0 0 0 0 0
60987 82493.677 3600 619 619 564 55 0 0 0 0 0 0
60987 86093.677 3600 628 628 572 56 0 0 0 0 0 0
60988 3293.677 3600 643 643 588 55 0 0 0 0 0 0
60988 6893.677 3600 611 611 556 55 0 0 0 0 0 0
60988 10493.677 3600 609 609 554 55 0 0 0 0 0 0
60988 14093.677 3600 612 612 557 55 0 0 0 0 0 0
60988 17693.677 3600 599 599 544 55 0 0 0 0 0 0
60988 21293.677 3600 603 603 548 55 0 0 0 0 0 0
60988 24893.677 3600 610 610 555 55 0 0 0 0 0 0
60988 28493.677 3600 642 642 587 55 0 0 0 0 0 0
60988 32093.677 3600 658 658 604 54 0 0 0 0 0 0
60988 35693.678 3600 634 634 579 55 0 0 0 0 0 0
60988 39293.677 3600 648 648 593 55 0 0 0 0 0 0
60988 42893.677 3600 629 629 574 55 0 0 0 0 0 0
60988 46493.677 3600 614 614 560 54 0 0 0 0 0 0
60988 50093.677 3600 627 627 573 54 0 0 0 0 0 0
60988 53693.677 3600 615 615 560 55 0 0 0 0 0 0
60988 57293.677 3600 624 624 569 55 0 0 0 0 0 0
60988 60893.677 3600 615 615 560 55 0 0 0 0 0 0
60988 64493.677 3600 623 623 568 55 0 0 0 0 0 0
60988 68093.677 3600 645 645 590 55 0 0 0 0 0 0
60988 71693.677 3600 625 625 570 55 0 0 0 0 0 0
60988 75293.677 3600 599 599 544 55 0 0 0 0 0 0
60988 78893.677 3600 599 599 544 55 0 0 0 0 0 0
60988 82493.679 3600 602 602 548 54 0 0 0 0 0 0
60988 86093.677 3600 600 600 544 56 0 0 0 0 0 0
60989 3293.677 3600 598 598 543 55 0 0 0 0 0 0
60989 6893.677 3600 604 604 549 55 0 0 0 0 0 0
60989 10493.677 3600 595 595 541 54 0 0 0 0 0 0
60989 14093.677 3600 595 595 540 55 0 0 0 0 0 0
60989 17693.678 3600 596 596 541 55 0 0 0 0 0 0
60989 21293.677 3600 594 594 541 53 0 0 0 0 0 0
60989 24893.678 3600 596 596 541 55 0 0 0 0 0 0
60989 28493.677 3600 600 600 545 55 0 0 0 0 0 0
60989 32093.677 3600 595 595 540 55 0 0 0 0 0 0
60989 35693.677 3600 593 593 539 54 0 0 0 0 0 0
60989 39293.677 3600 607 607 552 55 0 0 0 0 0 0
60989 42893.677 3600 625 625 569 56 0 0 0 0 0 0
60989 46493.677 3600 623 623 568 55 0 0 0 0 0 0
60989 50093.677 3600 608 608 554 54 0 0 0 0 0 0
60989 53693.677 3600 612 612 558 54 0 0 0 0 0 0
60989 57293.677 3600 613 613 557 56 0 0 0 0 0 0
60989 60893.677 3600 611 611 557 54 0 0 0 0 0 0
60989 64493.677 3600 627 627 572 55 0 0 0 0 0 0
60989 68093.677 3600 626 626 571 55 0 0 0 0 0 0
60989 71693.677 3600 638 638 583 55 0 0 0 0 0 0
60989 75293.677 3600 614 614 559 55 0 0 0 0 0 0
60989 78893.677 3600 603 603 549 54 0 0 0 0 0 0
60989 82493.677 3600 618 618 563 55 0 0 0 0 0 0
60989 86093.677 3600 641 641 585 56 0 0 0 0 0 0
60990 3293.677 3600 639 639 584 55 0 0 0 0 0 0
60990 6893.677 3600 613 613 560 53 0 0 0 0 0 0
60990 10493.677 3600 645 645 591 54 0 0 0 0 0 0
60990 14093.677 3600 612 612 557 55 0 0 0 0 0 0
60990 17693.677 3600 599 599 545 54 0 0 0 0 0 0
60990 21293.677 3600 594 594 539 55 0 0 0 0 0 0
60990 24893.677 3600 598 598 543 55 0 0 0 0 0 0
60990 28493.677 3600 588 588 534 54 0 0 0 0 0 0
60990 32093.677 3600 599 599 544 55 0 0 0 0 0 0
60990 35693.677 3600 594 594 539 55 0 0 0 0 0 0
60990 39293.677 3600 592 592 538 54 0 0 0 0 0 0
60990 42893.677 3600 598 598 543 55 0 0 0 0 0 0
60990 46493.677 3600 598 598 545 53 0 0 0 0 0 0
60990 50093.677 3600 597 597 542 55 0 0 0 0 0 0
60990 53693.677 3600 598 598 543 55 0 0 0 0 0 0
60990 57293.677 3600 595 595 540 55 0 0 0 0 0 0
60990 60893.677 3600 599 599 544 55 0 0 0 0 0 0
60990 64493.677 3600 591 591 536 55 0 0 0 0 0 0
60990 68093.677 3600 592 592 537 55 0 0 0 0 0 0
60990 71693.677 3600 597 597 542 55 0 0 0 0 0 0
60990 75293.677 3600 603 603 548 55 0 0 0 0 0 0
60990 78893.677 3600 596 596 542 54 0 0 0 0 0 0
60990 82493.677 3600 606 606 551 55 0 0 0 0 0 0
60990 86093.678 3600 593 593 539 54 0 0 0 0 0 0
60991 3293.677 3600 594 594 539 55 0 0 0 0 0 0
60991 6893.677 3600 596 596 541 55 0 0 0 0 0 0
60991 10493.677 3600 597 597 543 54 0 0 0 0 0 0
60991 14093.677 3600 601 601 546 55 0 0 0 0 0 0
60991 17693.677 3600 590 590 535 55 0 0 0 0 0 0
60991 21293.677 3600 593 593 538 55 0 0 0 0 0 0
60991 24893.677 3600 598 598 544 54 0 0 0 0 0 0
60991 28493.677 3600 598 598 543 55 0 0 0 0 0 0
60991 32093.677 3600 588 588 534 54 0 0 0 0 0 0
60991 35693.677 3600 592 592 537 55 0 0 0 0 0 0
60991 39293.677 3600 596 596 543 53 0 0 0 0 0 0
60991 42893.677 3600 602 602 546 56 0 0 0 0 0 0
60991 46493.677 3600 585 585 530 55 0 0 0 0 0 0
60991 50093.677 3600 603 603 548 55 0 0 0 0 0 0
60991 53693.677 3600 590 590 535 55 0 0 0 0 0 0
60991 57293.677 3600 594 594 539 55 0 0 0 0 0 0
60991 60893.677 3600 610 610 555 55 0 0 0 0 0 0
60991 64493.678 3600 603 603 549 54 0 0 0 0 0 0
60991 68093.677 3600 603 603 548 55 0 0 0 0 0 0
60991 71693.677 3600 613 613 558 55 0 0 0 0 0 0
60991 75293.677 3600 602 602 547 55 0 0 0 0 0 0
60991 78893.677 3600 605 605 550 55 0 0 0 0 0 0
60991 82493.677 3600 595 595 541 54 0 0 0 0 0 0
60991 86093.677 3600 604 604 548 56 0 0 0 0 0 0
60992 3293.677 3600 600 600 546 54 0 0 0 0 0 0
60992 6893.677 3600 598 598 544 54 0 0 0 0 0 0
60992 10493.677 3600 599 599 544 55 0 0 0 0 0 0
60992 14093.677 3600 595 595 540 55 0 0 0 0 0 0
60992 17693.677 3600 597 597 543 54 0 0 0 0 0 0
60992 21293.677 3600 590 590 535 55 0 0 0 0 0 0
60992 24893.677 3600 585 585 530 55 0 0 0 0 0 0
60992 28493.677 3600 586 586 531 55 0 0 0 0 0 0
60992 32093.677 3600 594 594 539 55 0 0 0 0 0 0
60992 35693.677 3600 590 590 538 52 0 0 0 0 0 0
60992 39293.677 3600 593 593 538 55 0 0 0 0 0 0
60992 42893.677 3600 593 593 537 56 0 0 0 0 0 0
60992 46493.677 3600 584 584 529 55 0 0 0 0 0 0
60992 50093.677 3600 597 597 542 55 0 0 0 0 0 0
60992 53693.677 3600 594 594 539 55 0 0 0 0 0 0
60992 57293.677 3600 600 600 546 54 0 0 0 0 0 0
60992 60893.677 3600 595 595 540 55 0 0 0 0 0 0
60992 64493.677 3600 590 590 535 55 0 0 0 0 0 0
60992 68093.677 3600 588 588 533 55 0 0 0 0 0 0
60992 71693.677 3600 588 588 533 55 0 0 0 0 0 0
60992 75293.677 3600 597 597 543 54 0 0 0 0 0 0
60992 78893.677 3600 591 591 538 53 0 0 0 0 0 0
60992 82493.677 3600 602 602 547 55 0 0 0 0 0 0
60992 86093.677 3600 600 600 544 56 0 0 0 0 0 0
60993 3293.677 3600 601 601 546 55 0 0 0 0 0 0
60993 6893.677 3600 599 599 546 53 0 0 0 0 0 0
60993 10493.677 3600 598 598 544 54 0 0 0 0 0 0
60993 14093.677 3600 585 585 530 55 0 0 0 0 0 0
60993 17693.677 3600 599 599 545 54 0 0 0 0 0 0
60993 21293.677 3600 594 594 539 55 0 0 0 0 0 0
60993 24893.677 3600 601 601 546 55 0 0 0 0 0 0
60993 28493.677 3600 602 602 547 55 0 0 0 0 0 0
60993 32093.677 3600 601 601 546 55 0 0 0 0 0 0
60993 35693.677 3600 609 609 554 55 0 0 0 0 0 0
60993 39293.677 3600 600 600 545 55 0 0 0 0 0 0
60993 42893.677 3600 618 618 562 56 0 0 0 0 0 0
60993 46493.677 3600 626 626 571 55 0 0 0 0 0 0
60993 50093.677 3600 616 616 561 55 0 0 0 0 0 0
60993 53693.677 3600 637 637 583 54 0 0 0 0 0 0
60993 57293.677 3600 641 641 587 54 0 0 0 0 0 0
60993 60893.677 3600 645 645 590 55 0 0 0 0 0 0
60993 64493.677 3600 615 615 561 54 0 0 0 0 0 0
60993 68093.677 3600 611 611 556 55 0 0 0 0 0 0
60993 71693.677 3600 597 597 543 54 0 0 0 0 0 0
60993 75293.677 3600 587 587 532 55 0 0 0 0 0 0
60993 78893.677 3600 600 600 545 55 0 0 0 0 0 0
60993 82493.677 3600 596 596 541 55 0 0 0 0 0 0
60993 86093.677 3600 599 599 543 56 0 0 0 0 0 0
60994 3293.677 3600 599 599 544 55 0 0 0 0 0 0
60994 6893.677 3600 601 601 546 55 0 0 0 0 0 0
60994 10493.677 3600 605 605 550 55 0 0 0 0 0 0
60994 14093.677 3600 601 601 546 55 0 0 0 0 0 0
60994 17693.677 3600 608 608 554 54 0 0 0 0 0 0
60994 21293.677 3600 619 619 564 55 0 0 0 0 0 0
60994 24893.677 3600 613 613 559 54 0 0 0 0 0 0
60994 28493.677 3600 614 614 560 54 0 0 0 0 0 0
60994 32093.677 3600 605 605 551 54 0 0 0 0 0 0
60994 35693.677 3600 610 610 556 54 0 0 0 0 0 0
60994 39293.677 3600 619 619 563 56 0 0 0 0 0 0
60994 42893.677 3600 611 611 556 55 0 0 0 0 0 0
60994 46493.678 3600 611 611 556 55 0 0 0 0 0 0
60994 50093.677 3600 627 627 573 54 0 0 0 0 0 0
60994 53693.678 3600 608 608 554 54 0 0 0 0 0 0
60994 57293.677 3600 589 589 535 54 0 0 0 0 0 0
60994 60893.678 3600 598 598 545 53 0 0 0 0 0 0
60994 64493.677 3600 597 597 541 56 0 0 0 0 0 0
60994 68093.677 3600 618 618 563 55 0 0 0 0 0 0
60994 71693.677 3600 624 624 570 54 0 0 0 0 0 0
60994 75293.677 3600 647 647 592 55 0 0 0 0 0 0
60994 78893.677 3600 644 644 589 55 0 0 0 0 0 0
60994 82493.677 3600 649 649 594 55 0 0 0 0 0 0
60994 86093.677 3600 627 627 571 56 0 0 0 0 0 0
60995 3293.677 3600 637 637 583 54 0 0 0 0 0 0
60995 6893.677 3600 632 632 578 54 0 0 0 0 0 0
60995 10493.677 3600 619 619 564 55 0 0 0 0 0 0
60995 14093.678 3600 611 611 556 55 0 0 0 0 0 0
60995 17693.677 3600 611 611 556 55 0 0 0 0 0 0
60995 21293.677 3600 607 607 552 55 0 0 0 0 0 0
60995 24893.677 3600 596 596 541 55 0 0 0 0 0 0
60995 28493.677 3600 637 637 582 55 0 0 0 0 0 0
60995 32093.677 3600 630 630 575 55 0 0 0 0 0 0
60995 35693.677 3600 631 631 576 55 0 0 0 0 0 0
60995 39293.677 3600 650 650 595 55 0 0 0 0 0 0
60995 42893.677 3600 644 644 589 55 0 0 0 0 0 0
60995 46493.677 3600 655 655 600 55 0 0 0 0 0 0
60995 50093.677 3600 639 639 584 55 0 0 0 0 0 0
60995 53693.677 3600 631 631 576 55 0 0 0 0 0 0
60995 57293.677 3600 623 623 568 55 0 0 0 0 0 0
60995 60893.677 3600 711 711 656 55 0 0 0 0 0 0
60995 64493.677 3600 656 656 601 55 0 0 0 0 0 0
60995 68093.677 3600 658 658 603 55 0 0 0 0 0 0
60995 71693.677 3600 629 629 574 55 0 0 0 0 0 0
60995 75293.677 3600 615 615 561 54 0 0 0 0 0 0
60995 78893.677 3600 632 632 577 55 0 0 0 0 0 0
60995 82493.677 3600 636 636 581 55 0 0 0 0 0 0
60995 86093.677 3600 623 623 567 56 0 0 0 0 0 0
60996 3293.677 3600 638 638 583 55 0 0 0 0 0 0
60996 6893.678 3600 615 615 561 54 0 0 0 0 0 0
60996 10493.677 3600 616 616 561 55 0 0 0 0 0 0
60996 14093.678 3600 612 612 557 55 0 0 0 0 0 0
60996 17693.678 3600 604 604 551 53 0 0 0 0 0 0
60996 21293.677 3600 614 614 559 55 0 0 0 0 0 0
60996 24893.677 3600 613 613 558 55 0 0 0 0 0 0
60996 28493.677 3600 610 610 557 53 0 0 0 0 0 0
60996 32093.677 3600 597 597 543 54 0 0 0 0 0 0
60996 35693.678 3600 593 593 538 55 0 0 0 0 0 0
60996 39293.677 3600 611 611 556 55 0 0 0 0 0 0
60996 42893.677 3600 611 611 555 56 0 0 0 0 0 0
60996 46493.677 3600 601 601 546 55 0 0 0 0 0 0
60996 50093.677 3600 603 603 549 54 0 0 0 0 0 0
60996 53693.678 3600 615 615 560 55 0 0 0 0 0 0
60996 57293.677 3600 631 631 577 54 0 0 0 0 0 0
60996 60893.677 3600 632 632 577 55 0 0 0 0 0 0
60996 64493.677 3600 639 639 584 55 0 0 0 0 0 0
60996 68093.677 3600 635 635 580 55 0 0 0 0 0 0
60996 71693.677 3600 631 631 580 51 0 0 0 0 0 0
60996 75293.677 3600 605 605 550 55 0 0 0 0 0 0
60996 78893.677 3600 603 603 548 55 0 0 0 0 0 0
60996 82493.677 3600 612 612 557 55 0 0 0 0 0 0
60996 86093.677 3600 594 594 540 54 0 0 0 0 0 0
60997 3293.677 3600 607 607 552 55 0 0 0 0 0 0
60997 6893.677 3600 600 600 545 55 0 0 0 0 0 0
60997 10493.677 3600 600 600 546 54 0 0 0 0 0 0
60997 14093.677 3600 611 611 556 55 0 0 0 0 0 0
60997 17693.677 3600 602 602 547 55 0 0 0 0 0 0
60997 21293.677 3600 595 595 540 55 0 0 0 0 0 0
60997 24893.677 3600 592 592 538 54 0 0 0 0 0 0
60997 28493.677 3600 590 590 535 55 0 0 0 0 0 0
60997 32093.677 3600 598 598 543 55 0 0 0 0 0 0
60997 35693.677 3600 594 594 540 54 0 0 0 0 0 0
60997 39293.677 3600 598 598 543 55 0 0 0 0 0 0
60997 42893.677 3600 573 573 518 55 0 0 0 0 0 0
60997 46493.677 3600 584 584 529 55 0 0 0 0 0 0
60997 50093.677 3600 608 608 554 54 0 0 0 0 0 0
60997 53693.677 3600 627 627 572 55 0 0 0 0 0 0
60997 57293.677 3600 613 613 559 54 0 0 0 0 0 0
60997 60893.677 3600 608 608 553 55 0 0 0 0 0 0
60997 64493.677 3600 598 598 545 53 0 0 0 0 0 0
60997 68093.677 3600 601 601 547 54 0 0 0 0 0 0
60997 71693.677 3600 604 604 549 55 0 0 0 0 0 0
60997 75293.677 3600 603 603 548 55 0 0 0 0 0 0
60997 78893.677 3600 595 595 540 55 0 0 0 0 0 0
60997 82493.677 3600 589 589 534 55 0 0 0 0 0 0
60997 86093.677 3600 596 596 541 55 0 0 0 0 0 0
60998 3293.677 3600 590 590 536 54 0 0 0 0 0 0
60998 6893.677 3600 590 590 534 56 0 0 0 0 0 0
60998 10493.677 3600 600 600 545 55 0 0 0 0 0 0
60998 14093.678 3600 582 582 527 55 0 0 0 0 0 0
60998 17693.677 3600 593 593 539 54 0 0 0 0 0 0
60998 21293.677 3600 599 599 545 54 0 0 0 0 0 0
60998 24893.677 3600 599 599 544 55 0 0 0 0 0 0
60998 28493.677 3600 606 606 551 55 0 0 0 0 0 0
60998 32093.677 3600 502 502 449 53 0 0 0 0 0 0
60998 35693.677 3600 493 493 438 55 0 0 0 0 0 0
60998 39293.677 3600 519 519 464 55 0 0 0 0 0 0
60998 42893.677 3600 589 589 536 53 0 0 0 0 0 0
60998 46493.677 3600 596 596 541 55 0 0 0 0 0 0
60998 50093.677 3600 587 587 532 55 0 0 0 0 0 0
60998 53693.677 3600 604 604 553 51 0 0 0 0 0 0
60998 57293.677 3600 634 634 579 55 0 0 0 0 0 0
60998 60893.677 3600 613 613 558 55 0 0 0 0 0 0
60998 64493.677 3600 608 608 554 54 0 0 0 0 0 0
60998 68093.677 3600 601 601 546 55 0 0 0 0 0 0
60998 71693.677 3600 640 640 585 55 0 0 0 0 0 0
60998 75293.677 3600 621 621 566 55 0 0 0 0 0 0
60998 78893.677 3600 606 606 552 54 0 0 0 0 0 0
60998 82493.677 3600 609 609 554 55 0 0 0 0 0 0
60998 86093.678 3600 587 587 532 55 0 0 0 0 0 0
60999 3293.678 3600 591 591 537 54 0 0 0 0 0 0
60999 6893.678 3600 596 596 541 55 0 0 0 0 0 0
60999 10493.678 3600 586 586 532 54 0 0 0 0 0 0
60999 14093.677 3600 608 608 553 55 0 0 0 0 0 0
60999 17693.677 3600 600 600 545 55 0 0 0 0 0 0
60999 21293.677 3600 592 592 537 55 0 0 0 0 0 0
60999 24893.677 3600 603 603 548 55 0 0 0 0 0 0
60999 28493.678 3600 596 596 541 55 0 0 0 0 0 0
60999 32093.678 3600 595 595 540 55 0 0 0 0 0 0
60999 35693.677 3600 596 596 541 55 0 0 0 0 0 0
60999 39293.677 3600 600 600 545 55 0 0 0 0 0 0
60999 42893.677 3600 612 612 556 56 0 0 0 0 0 0
60999 46493.677 3600 643 643 588 55 0 0 0 0 0 0
60999 50093.677 3600 640 640 585 55 0 0 0 0 0 0
60999 53693.677 3600 627 627 572 55 0 0 0 0 0 0
60999 57293.677 3600 633 633 578 55 0 0 0 0 0 0
60999 60893.677 3600 609 609 557 52 0 0 0 0 0 0
60999 64493.677 3600 603 603 549 54 0 0 0 0 0 0
60999 68093.677 3600 599 599 544 55 0 0 0 0 0 0
60999 71693.677 3600 602 602 548 54 0 0 0 0 0 0
60999 75293.677 3600 595 595 542 53 0 0 0 0 0 0
60999 78893.677 3600 590 590 535 55 0 0 0 0 0 0
60999 82493.677 3600 596 596 541 55 0 0 0 0 0 0
60999 86093.677 3600 597 597 543 54 0 0 0 0 0 0
61000 3293.677 3600 596 596 541 55 0 0 0 0 0 0
61000 6893.677 3600 598 598 543 55 0 0 0 0 0 0
61000 10493.677 3600 598 598 545 53 0 0 0 0 0 0
61000 14093.677 3600 603 603 548 55 0 0 0 0 0 0
61000 17693.677 3600 596 596 541 55 0 0 0 0 0 0
61000 21293.677 3600 593 593 539 54 0 0 0 0 0 0
61000 24893.677 3600 592 592 538 54 0 0 0 0 0 0
61000 28493.677 3600 602 602 547 55 0 0 0 0 0 0
61000 32093.677 3600 601 601 546 55 0 0 0 0 0 0
61000 35693.678 3600 588 588 533 55 0 0 0 0 0 0
61000 39293.677 3600 600 600 545 55 0 0 0 0 0 0
61000 42893.677 3600 598 598 542 56 0 0 0 0 0 0
61000 46493.677 3600 600 600 545 55 0 0 0 0 0 0
61000 50093.678 3600 596 596 543 53 0 0 0 0 0 0
61000 53693.677 3600 591 591 537 54 0 0 0 0 0 0
61000 57293.677 3600 599 599 545 54 0 0 0 0 0 0
61000 60893.677 3600 594 594 539 55 0 0 0 0 0 0
61000 64493.677 3600 591 591 536 55 0 0 0 0 0 0
61000 68093.677 3600 598 598 543 55 0 0 0 0 0 0
61000 71693.677 3600 595 595 540 55 0 0 0 0 0 0
61000 75293.677 3600 597 597 543 54 0 0 0 0 0 0
61000 78893.677 3600 606 606 551 55 0 0 0 0 0 0
61000 82493.677 3600 603 603 548 55 0 0 0 0 0 0
61000 86093.677 3600 595 595 539 56 0 0 0 0 0 0
61001 3293.677 3600 590 590 535 55 0 0 0 0 0 0
61001 6893.677 3600 586 586 532 54 0 0 0 0 0 0
61001 10493.677 3600 597 597 541 56 0 0 0 0 0 0
61001 14093.678 3600 588 588 537 51 0 0 0 0 0 0
61001 17693.677 3600 595 595 541 54 0 0 0 0 0 0
61001 21293.677 3600 599 599 545 54 0 0 0 0 0 0
61001 24893.677 3600 591 591 536 55 0 0 0 0 0 0
61001 28493.677 3600 600 600 545 55 0 0 0 0 0 0
61001 32093.678 3600 598 598 544 54 0 0 0 0 0 0
61001 35693.677 3600 599 599 544 55 0 0 0 0 0 0
61001 39293.677 3600 597 597 542 55 0 0 0 0 0 0
61001 42893.677 3600 596 596 541 55 0 0 0 0 0 0
61001 46493.677 3600 604 604 548 56 0 0 0 0 0 0
61001 50093.677 3600 599 599 544 55 0 0 0 0 0 0
61001 53693.677 3600 607 607 552 55 0 0 0 0 0 0
61001 57293.677 3600 605 605 552 53 0 0 0 0 0 0
61001 60893.677 3600 611 611 556 55 0 0 0 0 0 0
61001 64493.677 3600 596 596 542 54 0 0 0 0 0 0
61001 68093.677 3600 583 583 530 53 0 0 0 0 0 0
61001 71693.677 3600 579 579 525 54 0 0 0 0 0 0
61001 75293.677 3600 596 596 541 55 0 0 0 0 0 0
61001 78893.677 3600 601 601 547 54 0 0 0 0 0 0
61001 82493.677 3600 634 634 580 54 0 0 0 0 0 0
61001 86093.677 3600 617 617 561 56 0 0 0 0 0 0
61002 3293.677 3600 609 609 554 55 0 0 0 0 0 0
61002 6893.677 3600 606 606 551 55 0 0 0 0 0 0
61002 10493.677 3600 599 599 544 55 0 0 0 0 0 0
61002 14093.677 3600 591 591 537 54 0 0 0 0 0 0
61002 17693.677 3600 606 606 551 55 0 0 0 0 0 0
61002 21293.677 3600 602 602 548 54 0 0 0 0 0 0
61002 24893.677 3600 609 609 554 55 0 0 0 0 0 0
61002 28493.677 3600 649 649 594 55 0 0 0 0 0 0
61002 32093.678 3600 667 667 612 55 0 0 0 0 0 0
61002 35693.678 3600 636 636 581 55 0 0 0 0 0 0
61002 39293.677 3600 643 643 588 55 0 0 0 0 0 0
61002 42893.677 3600 627 627 571 56 0 0 0 0 0 0
61002 46493.677 3600 638 638 583 55 0 0 0 0 0 0
61002 50093.677 3600 638 638 583 55 0 0 0 0 0 0
61002 53693.677 3600 636 636 582 54 0 0 0 0 0 0
61002 57293.677 3600 605 605 552 53 0 0 0 0 0 0
61002 60893.677 3600 610 610 555 55 0 0 0 0 0 0
61002 64493.677 3600 602 602 547 55 0 0 0 0 0 0
61002 68093.677 3600 617 617 564 53 0 0 0 0 0 0
61002 71693.677 3600 618 618 564 54 0 0 0 0 0 0
61002 75293.677 3600 605 605 551 54 0 0 0 0 0 0
61002 78893.677 3600 616 616 561 55 0 0 0 0 0 0
61002 82493.677 3600 613 613 558 55 0 0 0 0 0 0
61002 86093.677 3600 599 599 543 56 0 0 0 0 0 0
61003 3293.677 3600 612 612 557 55 0 0 0 0 0 0
61003 6893.677 3600 624 624 570 54 0 0 0 0 0 0
61003 10493.677 3600 633 633 578 55 0 0 0 0 0 0
61003 14093.677 3600 626 626 571 55 0 0 0 0 0 0
61003 17693.677 3600 617 617 562 55 0 0 0 0 0 0
61003 21293.677 3600 617 617 562 55 0 0 0 0 0 0
61003 24893.677 3600 613 613 558 55 0 0 0 0 0 0
61003 28493.677 3600 603 603 548 55 0 0 0 0 0 0
61003 32093.677 3600 620 620 565 55 0 0 0 0 0 0
61003 35693.677 3600 621 621 566 55 0 0 0 0 0 0
61003 39293.677 3600 620 620 567 53 0 0 0 0 0 0
61003 42893.677 3600 629 629 573 56 0 0 0 0 0 0
61003 46493.677 3600 607 607 552 55 0 0 0 0 0 0
61003 50093.677 3600 612 612 557 55 0 0 0 0 0 0
61003 53693.677 3600 645 645 590 55 0 0 0 0 0 0
61003 57293.677 3600 639 639 585 54 0 0 0 0 0 0
61003 60893.677 3600 658 658 603 55 0 0 0 0 0 0
61003 64493.677 3600 622 622 568 54 0 0 0 0 0 0
61003 68093.677 3600 617 617 562 55 0 0 0 0 0 0
61003 71693.677 3600 613 613 558 55 0 0 0 0 0 0
61003 75293.677 3600 628 628 573 55 0 0 0 0 0 0
61003 78893.678 3600 642 642 588 54 0 0 0 0 0 0
61003 82493.677 3600 628 628 574 54 0 0 0 0 0 0
61003 86093.677 3600 632 632 577 55 0 0 0 0 0 0
61004 3293.677 3600 618 618 563 55 0 0 0 0 0 0
61004 6893.677 3600 598 598 544 54 0 0 0 0 0 0
61004 10493.677 3600 606 606 552 54 0 0 0 0 0 0
61004 14093.677 3600 617 617 562 55 0 0 0 0 0 0
61004 17693.677 3600 615 615 560 55 0 0 0 0 0 0
61004 21293.677 3600 598 598 543 55 0 0 0 0 0 0
61004 24893.677 3600 600 600 545 55 0 0 0 0 0 0
61004 28493.677 3600 591 591 536 55 0 0 0 0 0 0
61004 32093.677 3600 586 586 532 54 0 0 0 0 0 0
61004 35693.677 3600 598 598 543 55 0 0 0 0 0 0
61004 39293.677 3600 595 595 540 55 0 0 0 0 0 0
61004 42893.677 3600 608 608 553 55 0 0 0 0 0 0
61004 46493.677 3600 622 622 568 54 0 0 0 0 0 0
61004 50093.678 3600 635 635 582 53 0 0 0 0 0 0
61004 53693.677 3600 655 655 600 55 0 0 0 0 0 0
61004 57293.677 3600 607 607 552 55 0 0 0 0 0 0
61004 60893.677 3600 603 603 549 54 0 0 0 0 0 0
61004 64493.677 3600 605 605 550 55 0 0 0 0 0 0
61004 68093.677 3600 604 604 549 55 0 0 0 0 0 0
61004 71693.677 3600 608 608 553 55 0 0 0 0 0 0
61004 75293.677 3600 607 607 553 54 0 0 0 0 0 0
61004 78893.677 3600 617 617 562 55 0 0 0 0 0 0
61004 82493.677 3600 592 592 539 53 0 0 0 0 0 0
61004 86093.677 3600 601 601 546 55 0 0 0 0 0 0
61005 3293.677 3600 600 600 545 55 0 0 0 0 0 0
61005 6893.677 3600 604 604 549 55 0 0 0 0 0 0
61005 10493.677 3600 608 608 553 55 0 0 0 0 0 0
61005 14093.677 3600 602 602 548 54 0 0 0 0 0 0
61005 17693.677 3600 594 594 539 55 0 0 0 0 0 0
61005 21293.677 3600 600 600 545 55 0 0 0 0 0 0
61005 24893.677 3600 603 603 548 55 0 0 0 0 0 0
61005 28493.678 3600 599 599 545 54 0 0 0 0 0 0
61005 32093.677 3600 605 605 550 55 0 0 0 0 0 0
61005 35693.677 3600 599 599 544 55 0 0 0 0 0 0
61005 39293.677 3600 594 594 539 55 0 0 0 0 0 0
61005 42893.677 3600 595 595 540 55 0 0 0 0 0 0
61005 46493.677 3600 599 599 544 55 0 0 0 0 0 0
61005 50093.677 3600 601 601 546 55 0 0 0 0 0 0
61005 53693.677 3600 605 605 550 55 0 0 0 0 0 0
61005 57293.677 3600 601 601 546 55 0 0 0 0 0 0
61005 60893.677 3600 606 606 551 55 0 0 0 0 0 0
61005 66563.039 3600 918 918 857 61 0 0 0 0 0 0
61005 70163.039 3600 711 711 654 57 0 0 0 0 0 0
61005 73763.039 3600 687 687 632 55 0 0 0 0 0 0
61005 77363.040 3600 676 676 619 57 0 0 0 0 0 0
61005 80963.039 3600 670 670 615 55 0 0 0 0 0 0
61005 84563.039 3600 659 659 604 55 0 0 0 0 0 0
61006 1763.039 3600 650 650 596 54 0 0 0 0 0 0
61006 5363.039 3600 660 660 605 55 0 0 0 0 0 0
61006 8963.039 3600 632 632 577 55 0 0 0 0 0 0
61006 12563.039 3600 635 635 580 55 0 0 0 0 0 0
61006 16163.039 3600 619 619 565 54 0 0 0 0 0 0
61006 19763.039 3600 606 606 551 55 0 0 0 0 0 0
61006 23363.039 3600 601 601 547 54 0 0 0 0 0 0
61006 26963.039 3600 605 605 551 54 0 0 0 0 0 0
61006 30563.039 3600 601 601 545 56 0 0 0 0 0 0
61006 34163.040 3600 596 596 542 54 0 0 0 0 0 0
61006 37763.039 3600 598 598 543 55 0 0 0 0 0 0
61006 41363.039 3600 603 603 548 55 0 0 0 0 0 0
61006 44963.039 3600 598 598 543 55 0 0 0 0 0 0
61006 48563.039 3600 591 591 536 55 0 0 0 0 0 0
61006 52163.039 3600 593 593 539 54 0 0 0 0 0 0
61006 55763.039 3600 610 610 555 55 0 0 0 0 0 0
61006 59363.039 3600 614 614 559 55 0 0 0 0 0 0
61006 62963.040 3600 622 622 566 56 0 0 0 0 0 0
61006 66563.039 3600 612 612 558 54 0 0 0 0 0 0
61006 70163.039 3600 614 614 559 55 0 0 0 0 0 0
61006 73763.039 3600 611 611 556 55 0 0 0 0 0 0
61006 77363.040 3600 606 606 551 55 0 0 0 0 0 0
61006 80963.039 3600 604 604 550 54 0 0 0 0 0 0
61006 84563.039 3600 598 598 545 53 0 0 0 0 0 0
61007 1763.039 3600 601 601 547 54 0 0 0 0 0 0
61007 5363.039 3600 602 602 547 55 0 0 0 0 0 0
61007 8963.039 3600 596 596 541 55 0 0 0 0 0 0
61007 12563.039 3600 597 597 542 55 0 0 0 0 0 0
61007 16163.039 3600 597 597 542 55 0 0 0 0 0 0
61007 19763.039 3600 602 602 547 55 0 0 0 0 0 0
61007 23363.039 3600 599 599 544 55 0 0 0 0 0 0
61007 26963.039 3600 599 599 544 55 0 0 0 0 0 0
61007 30563.039 3600 602 602 547 55 0 0 0 0 0 0
61007 34163.039 3600 599 599 544 55 0 0 0 0 0 0
61007 37763.040 3600 596 596 543 53 0 0 0 0 0 0
61007 41363.039 3600 598 598 543 55 0 0 0 0 0 0
61007 44963.040 3600 600 600 545 55 0 0 0 0 0 0
61007 48563.039 3600 591 591 535 56 0 0 0 0 0 0
61007 52163.039 3600 598 598 543 55 0 0 0 0 0 0
61007 55763.039 3600 601 601 547 54 0 0 0 0 0 0
61007 59363.040 3600 595 595 541 54 0 0 0 0 0 0
61007 62963.039 3600 603 603 548 55 0 0 0 0 0 0
61007 66563.039 3600 602 602 547 55 0 0 0 0 0 0
61007 70163.039 3600 596 596 543 53 0 0 0 0 0 0
61007 73763.040 3600 602 602 547 55 0 0 0 0 0 0
61007 77363.039 3600 599 599 544 55 0 0 0 0 0 0
61007 80963.039 3600 598 598 544 54 0 0 0 0 0 0
61007 84563.039 3600 595 595 540 55 0 0 0 0 0 0
61008 1763.039 3600 599 599 544 55 0 0 0 0 0 0
61008 5363.039 3600 603 603 549 54 0 0 0 0 0 0
61008 8963.040 3600 595 595 541 54 0 0 0 0 0 0
61008 12563.040 3600 626 626 571 55 0 0 0 0 0 0
61008 16163.039 3600 625 625 570 55 0 0 0 0 0 0
61008 19763.039 3600 601 601 546 55 0 0 0 0 0 0
61008 23363.039 3600 610 610 555 55 0 0 0 0 0 0
61008 26963.040 3600 606 606 552 54 0 0 0 0 0 0
61008 30563.039 3600 603 603 548 55 0 0 0 0 0 0
61008 34163.039 3600 604 604 549 55 0 0 0 0 0 0
61008 37763.039 3600 595 595 540 55 0 0 0 0 0 0
61008 41363.039 3600 602 602 547 55 0 0 0 0 0 0
61008 44963.039 3600 601 601 546 55 0 0 0 0 0 0
61008 48563.039 3600 601 601 546 55 0 0 0 0 0 0
61008 52163.039 3600 601 601 546 55 0 0 0 0 0 0
61008 55763.039 3600 604 604 549 55 0 0 0 0 0 0
61008 59363.039 3600 602 602 549 53 0 0 0 0 0 0
61008 62963.039 3600 602 602 547 55 0 0 0 0 0 0
61008 66563.039 3600 601 601 547 54 0 0 0 0 0 0
61008 70163.040 3600 601 601 546 55 0 0 0 0 0 0
61008 73763.039 3600 603 603 548 55 0 0 0 0 0 0
61008 77363.039 3600 605 605 551 54 0 0 0 0 0 0
61008 80963.039 3600 609 609 554 55 0 0 0 0 0 0
61008 84563.040 3600 610 610 554 56 0 0 0 0 0 0
61009 1763.039 3600 618 618 563 55 0 0 0 0 0 0
61009 5363.039 3600 604 604 549 55 0 0 0 0 0 0
61009 8963.039 3600 600 600 549 51 0 0 0 0 0 0
61009 12563.040 3600 600 600 545 55 0 0 0 0 0 0
61009 16163.039 3600 595 595 540 55 0 0 0 0 0 0
61009 19763.039 3600 612 612 557 55 0 0 0 0 0 0
61009 23363.039 3600 603 603 549 54 0 0 0 0 0 0
61009 26963.039 3600 623 623 568 55 0 0 0 0 0 0
61009 30563.039 3600 622 622 568 54 0 0 0 0 0 0
61009 34163.039 3600 608 608 553 55 0 0 0 0 0 0
61009 37763.039 3600 614 614 559 55 0 0 0 0 0 0
61009 41363.039 3600 627 627 572 55 0 0 0 0 0 0
61009 44963.039 3600 627 627 572 55 0 0 0 0 0 0
61009 48563.039 3600 621 621 568 53 0 0 0 0 0 0
61009 52163.039 3600 614 614 559 55 0 0 0 0 0 0
61009 55763.040 3600 605 605 552 53 0 0 0 0 0 0
61009 59363.039 3600 611 611 556 55 0 0 0 0 0 0
61009 62963.041 3600 608 608 553 55 0 0 0 0 0 0
61009 66563.039 3600 616 616 561 55 0 0 0 0 0 0
61009 70163.039 3600 601 601 546 55 0 0 0 0 0 0
61009 73763.039 3600 608 608 553 55 0 0 0 0 0 0
61009 77363.040 3600 606 606 551 55 0 0 0 0 0 0
61009 80963.039 3600 597 597 542 55 0 0 0 0 0 0
61009 84563.039 3600 598 598 543 55 0 0 0 0 0 0
