60949 3293.678 3600 0.572 0.987 0 0 0 0 504 4218 7 0 14076
60949 6893.677 3600 0.679 0.891 0 0 0 0 496 4224 4 0 14076
60949 10493.677 3600 0.801 0.746 0 0 0 0 488 4211 8 0 14076
60949 14093.677 3600 0.778 0.766 0 0 0 0 480 4212 10 0 14076
60949 17693.677 3600 0.604 0.948 0 0 0 0 496 4212 7 0 14076
60949 21293.677 3600 0.685 0.849 0 0 0 0 472 4211 8 0 14076
60949 24893.677 3600 0.766 0.780 0 0 0 0 496 4216 6 0 14076
60949 28493.677 3600 0.658 0.902 0 0 0 0 520 4212 9 0 14076
60949 32093.677 3600 0.507 1.054 0 0 0 0 504 4216 8 0 14076
60949 35693.677 3600 0.559 0.998 0 0 0 0 520 4210 8 0 14076
60949 39293.677 3600 0.576 0.986 0 0 0 0 536 4216 15 0 14076
60949 42893.677 3600 0.630 0.939 0 0 0 0 496 4216 9 0 14076
60949 46493.677 3600 0.690 0.870 0 0 0 0 536 4211 7 0 14076
60949 50093.678 3600 0.614 0.948 0 0 0 0 496 4222 7 0 14076
60949 53693.678 3600 0.870 0.703 0 0 0 0 528 4231 11 0 14076
60949 57293.677 3600 0.747 0.820 0 0 0 0 520 4222 5 0 14076
60949 60893.677 3600 0.789 0.784 0 0 0 0 512 4226 6 0 14076
60949 64493.677 3600 0.629 0.942 0 0 0 0 504 4226 7 0 14076
60949 68093.677 3600 0.910 0.653 0 0 0 0 536 4225 10 0 14076
60949 71693.677 3600 0.928 0.646 0 0 0 0 528 4232 13 0 14076
60949 75293.678 3600 0.662 0.914 0 0 0 0 520 4239 5 0 14076
60949 78893.677 3600 0.676 0.889 0 0 0 0 496 4223 6 0 14076
60949 82493.678 3600 0.685 0.877 0 0 0 0 520 4215 5 0 14076
60949 86093.678 3600 0.752 0.809 0 0 0 0 520 4217 6 0 14076
60950 3293.678 3600 0.739 0.830 0 0 0 0 520 4214 12 0 14076
60950 6893.677 3600 0.678 0.886 0 0 0 0 496 4230 5 0 14076
60950 10493.677 3600 0.762 0.797 0 0 0 0 504 4223 4 0 14076
60950 14093.677 3600 0.661 0.899 0 0 0 0 504 4219 4 0 14076
60950 17693.677 3600 0.611 0.945 0 0 0 0 512 4214 10 0 14076
60950 21293.677 3600 0.781 0.784 0 0 0 0 528 4209 7 0 14076
60950 24893.678 3600 0.815 0.744 0 0 0 0 520 4215 11 0 14076
60950 28493.677 3600 0.644 0.917 0 0 0 0 528 4212 16 0 14076
60950 32093.677 3600 0.648 0.914 0 0 0 0 520 4218 5 0 14076
60950 35693.677 3600 0.867 0.691 0 0 0 0 512 4218 3 0 14076
60950 39293.677 3600 0.767 0.769 0 0 0 0 488 4205 5 0 14076
60950 42893.678 3600 0.762 0.794 0 0 0 0 520 4224 9 0 14076
60950 46493.677 3600 0.783 0.780 0 0 0 0 520 4223 7 0 14076
60950 50093.677 3600 0.757 0.798 0 0 0 0 512 4213 9 0 14076
60950 53693.677 3600 0.754 0.808 0 0 0 0 528 4217 10 0 14076
60950 57293.678 3600 0.724 0.843 0 0 0 0 528 4197 10 0 14076
60950 60893.678 3600 0.691 0.878 0 0 0 0 512 4225 4 0 14076
60950 64493.677 3600 0.663 0.903 0 0 0 0 472 4257 9 0 14076
60950 68093.678 3600 0.760 0.818 0 0 0 0 520 4242 9 0 14076
60950 71693.677 3600 0.698 0.887 0 0 0 0 512 4252 7 0 14076
60950 75293.677 3600 0.887 0.695 0 0 0 0 512 4253 7 0 14076
60950 78893.677 3600 0.626 0.955 0 0 0 0 544 4243 6 0 14076
60950 82493.677 3600 0.587 0.989 0 0 0 0 528 4235 7 0 14076
60950 86093.678 3600 0.705 0.876 0 0 0 0 480 4248 4 0 14076
60951 3293.678 3600 0.883 0.703 0 0 0 0 520 4245 9 0 14076
60951 6893.678 3600 0.947 0.630 0 0 0 0 504 4233 9 0 14076
60951 10493.677 3600 0.702 0.868 0 0 0 0 536 4223 8 0 14076
60951 14093.677 3600 0.736 0.835 0 0 0 0 496 4229 5 0 14076
60951 17693.677 3600 0.586 0.963 0 0 0 0 488 4209 17 0 14076
60951 21293.677 3600 0.542 1.017 0 0 0 0 504 4224 6 0 14076
60951 24893.677 3600 0.722 0.851 0 0 0 0 520 4228 8 0 14076
60951 28493.677 3600 0.592 0.977 0 0 0 0 520 4228 11 0 14076
60951 32093.677 3600 0.620 0.939 0 0 0 0 520 4217 10 0 14076
60951 35693.678 3600 0.711 0.829 0 0 0 0 480 4214 6 0 14076
60951 39293.677 3600 0.537 1.005 0 0 0 0 496 4211 9 0 14076
60951 42893.678 3600 0.688 0.872 0 0 0 0 520 4229 9 0 14076
60951 46493.677 3600 0.595 0.993 0 0 0 0 504 4260 10 0 14076
60951 50093.677 3600 0.903 0.670 0 0 0 0 496 4238 6 0 14076
60951 53693.677 3600 0.668 0.901 0 0 0 0 504 4227 9 0 14076
60951 57293.677 3600 0.617 0.953 0 0 0 0 528 4219 9 0 14076
60951 60893.677 3600 0.718 0.853 0 0 0 0 496 4234 9 0 14076
60951 64493.677 3600 0.665 0.926 0 0 0 0 496 4264 11 0 14076
60951 68093.677 3600 0.651 0.901 0 0 0 0 480 4236 10 0 14076
60951 71693.677 3600 0.678 0.883 0 0 0 0 528 4225 5 0 14076
60951 75293.677 3600 0.537 1.025 0 0 0 0 488 4226 8 0 14076
60951 78893.677 3600 0.807 0.770 0 0 0 0 536 4228 8 0 14076
60951 82493.677 3600 0.613 0.949 0 0 0 0 496 4221 7 0 14076
60951 86093.677 3600 0.554 1.011 0 0 0 0 520 4223 5 0 14076
60952 3293.678 3600 0.860 0.711 0 0 0 0 504 4223 10 0 14076
60952 6893.677 3600 0.720 0.850 0 0 0 0 496 4231 10 0 14076
60952 10493.677 3600 0.813 0.761 0 0 0 0 520 4238 5 0 14076
60952 14093.677 3600 0.883 0.685 0 0 0 0 496 4233 11 0 14076
60952 17693.677 3600 0.632 0.934 0 0 0 0 496 4220 7 0 14076
60952 21293.677 3600 0.482 1.077 0 0 0 0 520 4211 8 0 14076
60952 24893.677 3600 0.684 0.882 0 0 0 0 536 4220 9 0 14076
60952 28493.677 3600 0.811 0.748 0 0 0 0 512 4214 5 0 14076
60952 32093.677 3600 0.848 0.703 0 0 0 0 520 4212 8 0 14076
60952 35693.677 3600 0.671 0.886 0 0 0 0 504 4218 8 0 14076
60952 39293.677 3600 0.652 0.907 0 0 0 0 536 4214 8 0 14076
60952 42893.678 3600 0.747 0.821 0 0 0 0 512 4220 14 0 14076
60952 46493.677 3600 0.707 0.853 0 0 0 0 488 4221 5 0 14076
60952 50093.677 3600 0.719 0.848 0 0 0 0 520 4223 7 0 14076
60952 53693.677 3600 0.733 0.820 0 0 0 0 528 4214 7 0 14076
60952 57293.677 3600 0.962 0.594 0 0 0 0 520 4215 7 0 14076
60952 60893.677 3600 0.684 0.867 0 0 0 0 512 4212 6 0 14076
60952 64493.677 3600 0.636 0.919 0 0 0 0 496 4213 7 0 14076
60952 68093.677 3600 0.556 0.980 0 0 0 0 480 4205 3 0 14076
60952 71693.677 3600 0.692 0.848 0 0 0 0 496 4202 5 0 14076
60952 75293.678 3600 0.795 0.750 0 0 0 0 496 4206 7 0 14076
60952 78893.677 3600 1.033 0.504 0 0 0 0 488 4202 12 0 14076
60952 82493.678 3600 0.739 0.824 0 0 0 0 536 4208 9 0 14076
60952 86093.677 3600 0.769 0.790 0 0 0 0 512 4214 7 0 14076
60953 3293.678 3600 0.672 0.893 0 0 0 0 496 4214 6 0 14076
60953 6893.677 3600 0.755 0.811 0 0 0 0 504 4218 10 0 14076
60953 10493.677 3600 0.797 0.767 0 0 0 0 512 4217 4 0 14076
60953 14093.677 3600 0.734 0.832 0 0 0 0 512 4218 5 0 14076
60953 17693.677 3600 0.783 0.765 0 0 0 0 480 4209 6 0 14076
60953 21293.677 3600 0.717 0.822 0 0 0 0 480 4212 12 0 14076
60953 24893.677 3600 0.759 0.792 0 0 0 0 488 4236 12 0 14076
60953 28493.677 3600 0.955 0.607 0 0 0 0 504 4221 7 0 14076
60953 32093.677 3600 0.741 0.833 0 0 0 0 512 4225 9 0 14076
60953 35693.677 3600 0.864 0.707 0 0 0 0 528 4224 8 0 14076
60953 39293.677 3600 0.833 0.735 0 0 0 0 520 4217 9 0 14076
60953 42893.677 3600 0.671 0.891 0 0 0 0 520 4207 9 0 14076
60953 46493.677 3600 0.755 0.804 0 0 0 0 536 4206 2 0 14076
60953 50093.679 3600 0.767 0.776 0 0 0 0 472 4212 11 0 14076
60953 53693.677 3600 0.789 0.754 0 0 0 0 488 4205 6 0 14076
60953 57293.677 3600 0.734 0.819 0 0 0 0 496 4215 5 0 14076
60953 60893.677 3600 0.706 0.837 0 0 0 0 504 4210 9 0 14076
60953 64493.677 3600 0.853 0.696 0 0 0 0 496 4208 7 0 14076
60953 68093.677 3600 0.804 0.770 0 0 0 0 536 4215 7 0 14076
60953 71693.677 3600 0.593 0.969 0 0 0 0 520 4214 14 0 14076
60953 75293.677 3600 0.813 0.748 0 0 0 0 504 4220 8 0 14076
60953 78893.677 3600 0.849 0.708 0 0 0 0 520 4213 6 0 14076
60953 82493.677 3600 0.708 0.854 0 0 0 0 528 4218 11 0 14076
60953 86093.677 3600 0.815 0.748 0 0 0 0 504 4219 14 0 14076
60954 3293.678 3600 0.859 0.704 0 0 0 0 504 4218 9 0 14076
60954 6893.677 3600 0.799 0.748 0 0 0 0 480 4219 7 0 14076
60954 10493.677 3600 0.863 0.680 0 0 0 0 496 4205 8 0 14076
60954 14093.677 3600 0.792 0.745 0 0 0 0 480 4212 7 0 14076
60954 17693.677 3600 0.812 0.734 0 0 0 0 480 4214 7 0 14076
60954 21293.677 3600 0.841 0.718 0 0 0 0 544 4216 6 0 14076
60954 24893.677 3600 0.705 0.844 0 0 0 0 520 4210 7 0 14076
60954 28493.677 3600 0.823 0.726 0 0 0 0 488 4217 6 0 14076
60954 32093.677 3600 0.902 0.654 0 0 0 0 536 4218 9 0 14076
60954 35693.677 3600 1.131 0.439 0 0 0 0 496 4234 9 0 14076
60954 39293.678 3600 0.805 0.783 0 0 0 0 520 4257 11 0 14076
60954 42893.677 3600 0.761 0.820 0 0 0 0 512 4255 13 0 14076
60954 46493.677 3600 0.830 0.738 0 0 0 0 496 4237 9 0 14076
60954 50093.677 3600 0.928 0.664 0 0 0 0 520 4251 10 0 14076
60954 53693.677 3600 0.902 0.675 0 0 0 0 512 4235 7 0 14076
60954 57293.677 3600 0.722 0.844 0 0 0 0 504 4232 12 0 14076
60954 60893.677 3600 0.857 0.692 0 0 0 0 480 4228 6 0 14076
60954 64493.677 3600 0.797 0.776 0 0 0 0 504 4250 12 0 14076
60954 68093.677 3600 0.454 1.132 0 0 0 0 512 4245 11 0 14076
60954 71693.677 3600 0.896 0.688 0 0 0 0 512 4254 10 0 14076
60954 75293.678 3600 0.655 0.920 0 0 0 0 488 4248 9 0 14076
60954 78893.677 3600 0.779 0.794 0 0 0 0 504 4233 9 0 14076
60954 82493.678 3600 0.625 0.948 0 0 0 0 528 4225 12 0 14076
60954 86093.677 3600 0.611 0.941 0 0 0 0 480 4221 6 0 14076
60955 3293.678 3600 0.745 0.808 0 0 0 0 504 4219 7 0 14076
60955 6893.678 3600 0.639 0.909 0 0 0 0 488 4212 10 0 14076
60955 10493.677 3600 0.874 0.664 0 0 0 0 504 4209 8 0 14076
60955 14093.678 3600 0.755 0.794 0 0 0 0 488 4212 8 0 14076
60955 17693.677 3600 0.662 0.887 0 0 0 0 488 4215 4 0 14076
60955 21293.677 3600 0.744 0.801 0 0 0 0 488 4210 6 0 14076
60955 24893.677 3600 0.672 0.857 0 0 0 0 480 4208 10 0 14076
60955 28493.677 3600 0.658 0.884 0 0 0 0 504 4211 7 0 14076
60955 32093.677 3600 0.664 0.896 0 0 0 0 512 4214 9 0 14076
60955 35693.677 3600 0.836 0.725 0 0 0 0 504 4222 12 0 14076
60955 39293.677 3600 0.966 0.596 0 0 0 0 536 4212 7 0 14076
60955 42893.677 3600 0.550 1.018 0 0 0 0 496 4229 9 0 14076
60955 46493.678 3600 0.659 0.883 0 0 0 0 488 4205 9 0 14076
60955 50093.677 3600 0.383 1.172 0 0 0 0 504 4217 11 0 14076
60955 53693.678 3600 0.568 0.966 0 0 0 0 480 4208 4 0 14076
60955 57293.677 3600 0.596 0.932 0 0 0 0 472 4210 14 0 14076
60955 60893.677 3600 0.375 1.189 0 0 0 0 536 4217 8 0 14076
60955 64493.677 3600 0.719 0.831 0 0 0 0 496 4217 5 0 14076
60955 68093.677 3600 0.566 0.987 0 0 0 0 504 4217 10 0 14076
60955 71693.677 3600 0.574 0.974 0 0 0 0 480 4224 4 0 14076
60955 75293.677 3600 0.610 0.958 0 0 0 0 496 4229 8 0 14076
60955 78893.678 3600 0.672 0.888 0 0 0 0 528 4214 15 0 14076
60955 82493.678 3600 0.699 0.855 0 0 0 0 488 4216 8 0 14076
60955 86093.677 3600 0.644 0.907 0 0 0 0 504 4204 5 0 14076
60956 3293.678 3600 0.788 0.783 0 0 0 0 528 4224 6 0 14076
60956 6893.677 3600 0.604 0.951 0 0 0 0 512 4211 6 0 14076
60956 10493.677 3600 0.616 0.952 0 0 0 0 520 4227 5 0 14076
60956 14093.677 3600 0.554 1.008 0 0 0 0 504 4218 14 0 14076
60956 17693.677 3600 0.640 0.925 0 0 0 0 496 4216 10 0 14076
60956 21293.677 3600 0.706 0.861 0 0 0 0 504 4223 11 0 14076
60956 24893.677 3600 0.460 1.105 0 0 0 0 512 4221 10 0 14076
60956 28493.677 3600 0.552 1.012 0 0 0 0 520 4215 18 0 14076
60956 32093.678 3600 0.532 1.035 0 0 0 0 496 4218 10 0 14076
60956 35693.678 3600 0.538 1.024 0 0 0 0 504 4211 10 0 14076
60956 39293.677 3600 0.605 0.937 0 0 0 0 488 4207 6 0 14076
60956 42893.677 3600 0.710 0.826 0 0 0 0 472 4201 6 0 14076
60956 46493.677 3600 0.510 1.033 0 0 0 0 472 4221 20 0 14076
60956 50093.678 3600 0.634 0.928 0 0 0 0 496 4231 12 0 14076
60956 53693.677 3600 0.396 1.175 0 0 0 0 512 4227 10 0 14076
60956 57293.677 3600 0.747 0.819 0 0 0 0 512 4222 12 0 14076
60956 60893.677 3600 0.660 0.918 0 0 0 0 512 4230 7 0 14076
60956 64493.677 3600 0.702 0.877 0 0 0 0 520 4253 6 0 14076
60956 68093.677 3600 0.596 0.988 0 0 0 0 504 4257 8 0 14076
60956 71693.677 3600 0.592 0.975 0 0 0 0 504 4238 9 0 14076
60956 75293.677 3600 0.489 1.076 0 0 0 0 480 4242 12 0 14076
60956 78893.677 3600 0.695 0.879 0 0 0 0 504 4248 9 0 14076
60956 82493.677 3600 0.630 0.960 0 0 0 0 520 4261 7 0 14076
60956 86093.678 3600 0.793 0.774 0 0 0 0 520 4223 16 0 14076
60957 3293.678 3600 0.617 0.963 0 0 0 0 528 4240 7 0 14076
60957 6893.677 3600 0.571 0.993 0 0 0 0 488 4229 10 0 14076
60957 10493.677 3600 0.681 0.892 0 0 0 0 520 4227 6 0 14076
60957 14093.678 3600 0.665 0.902 0 0 0 0 504 4224 6 0 14076
60957 17693.677 3600 0.538 1.005 0 0 0 0 496 4213 10 0 14076
60957 21293.677 3600 0.370 1.172 0 0 0 0 480 4223 6 0 14076
60957 24893.677 3600 0.678 0.882 0 0 0 0 512 4217 6 0 14076
60957 28493.677 3600 0.565 0.995 0 0 0 0 536 4212 9 0 14076
60957 32093.677 3600 0.668 0.885 0 0 0 0 512 4208 6 0 14076
60957 35693.677 3600 0.816 0.735 0 0 0 0 504 4216 6 0 14076
60957 39293.677 3600 0.563 0.996 0 0 0 0 512 4213 10 0 14076
60957 42893.677 3600 0.548 1.007 0 0 0 0 520 4217 6 0 14076
60957 46493.677 3600 0.596 0.961 0 0 0 0 528 4210 10 0 14076
60957 50093.677 3600 0.773 0.787 0 0 0 0 496 4228 10 0 14076
60957 53693.677 3600 0.493 1.061 0 0 0 0 520 4219 10 0 14076
60957 57293.678 3600 0.338 1.223 0 0 0 0 520 4212 6 0 14076
60957 60893.678 3600 0.499 1.062 0 0 0 0 504 4227 10 0 14076
60957 64493.677 3600 0.588 0.969 0 0 0 0 536 4220 6 0 14076
60957 68093.677 3600 0.697 0.864 0 0 0 0 552 4227 9 0 14076
60957 71693.678 3600 0.704 0.846 0 0 0 0 496 4220 4 0 14076
60957 75293.677 3600 0.620 0.911 0 0 0 0 480 4218 8 0 14076
60957 78893.677 3600 0.487 1.055 0 0 0 0 504 4217 9 0 14076
60957 82493.677 3600 0.496 1.056 0 0 0 0 520 4216 12 0 14076
60957 86093.677 3600 0.602 0.930 0 0 0 0 480 4205 9 0 14076
60958 3293.678 3600 0.637 0.922 0 0 0 0 528 4209 5 0 14076
60958 6893.678 3600 0.625 0.934 0 0 0 0 496 4217 11 0 14076
60958 10493.677 3600 0.708 0.843 0 0 0 0 504 4205 4 0 14076
60958 14093.677 3600 0.595 0.975 0 0 0 0 528 4217 11 0 14076
60958 17693.677 3600 0.502 1.058 0 0 0 0 504 4214 12 0 14076
60958 21293.677 3600 0.523 1.026 0 0 0 0 496 4214 2 0 14076
60958 24893.678 3600 0.496 1.042 0 0 0 0 488 4216 11 0 14076
60958 28493.677 3600 0.625 0.917 0 0 0 0 472 4222 7 0 14076
60958 32093.677 3600 0.740 0.821 0 0 0 0 504 4220 7 0 14076
60958 35693.678 3600 0.512 1.054 0 0 0 0 512 4218 6 0 14076
60958 39293.677 3600 0.624 0.943 0 0 0 0 520 4219 12 0 14076
60958 42893.677 3600 0.785 0.779 0 0 0 0 512 4222 6 0 14076
60958 46493.677 3600 0.415 1.150 0 0 0 0 512 4218 10 0 14076
60958 50093.677 3600 0.705 0.868 0 0 0 0 496 4230 7 0 14076
60958 53693.677 3600 0.236 1.353 0 0 0 0 512 4261 5 0 14076
60958 57293.677 3600 0.625 0.934 0 0 0 0 480 4259 6 0 14076
60958 60893.677 3600 0.640 0.942 0 0 0 0 528 4255 4 0 14076
60958 64493.677 3600 0.564 1.012 0 0 0 0 504 4239 8 0 14076
60958 68093.678 3600 0.638 0.930 0 0 0 0 528 4230 7 0 14076
60958 71693.677 3600 0.750 0.815 0 0 0 0 512 4233 5 0 14076
60958 75293.677 3600 0.739 0.827 0 0 0 0 496 4228 11 0 14076
60958 78893.677 3600 0.568 0.996 0 0 0 0 496 4223 12 0 14076
60958 82493.678 3600 0.688 0.878 0 0 0 0 528 4230 10 0 14076
60958 86093.677 3600 0.694 0.859 0 0 0 0 504 4223 8 0 14076
60959 3293.678 3600 0.611 0.950 0 0 0 0 512 4221 12 0 14076
60959 6893.677 3600 0.538 1.014 0 0 0 0 504 4218 3 0 14076
60959 10493.677 3600 0.611 0.939 0 0 0 0 512 4218 7 0 14076
60959 14093.677 3600 0.639 0.923 0 0 0 0 520 4226 10 0 14076
60959 17693.678 3600 0.692 0.859 0 0 0 0 488 4221 7 0 14076
60959 21293.677 3600 0.685 0.877 0 0 0 0 528 4222 4 0 14076
60959 24893.677 3600 0.554 1.002 0 0 0 0 512 4213 13 0 14076
60959 28493.679 3600 0.564 1.002 0 0 0 0 488 4220 9 0 14076
60959 32093.677 3600 0.617 0.926 0 0 0 0 480 4214 7 0 14076
60959 35693.678 3600 0.533 1.033 0 0 0 0 536 4213 10 0 14076
60959 39293.678 3600 0.613 0.947 0 0 0 0 520 4217 8 0 14076
60959 42893.677 3600 0.697 0.867 0 0 0 0 504 4224 3 0 14076
60959 46493.677 3600 0.643 0.920 0 0 0 0 520 4223 12 0 14076
60959 50093.677 3600 0.715 0.852 0 0 0 0 512 4231 1 0 14076
60959 53693.677 3600 0.483 1.081 0 0 0 0 520 4216 4 0 14076
60959 57293.678 3600 0.590 0.976 0 0 0 0 512 4220 3 0 14076
60959 60893.677 3600 0.763 0.801 0 0 0 0 512 4219 5 0 14076
60959 64493.677 3600 0.570 0.990 0 0 0 0 504 4213 6 0 14076
60959 68093.677 3600 0.403 1.132 0 0 0 0 480 4212 9 0 14076
60959 71693.677 3600 0.623 0.914 0 0 0 0 480 4216 6 0 14076
60959 75293.677 3600 0.635 0.915 0 0 0 0 496 4220 10 0 14076
60959 78893.677 3600 0.425 1.141 0 0 0 0 520 4224 7 0 14076
60959 82493.677 3600 0.734 0.826 0 0 0 0 504 4224 10 0 14076
60959 86093.678 3600 0.680 0.880 0 0 0 0 520 4221 6 0 14076
60960 3293.678 3600 0.703 0.833 0 0 0 0 472 4208 6 0 14076
60960 6893.677 3600 0.585 0.963 0 0 0 0 504 4213 8 0 14076
60960 10493.677 3600 0.587 0.982 0 0 0 0 536 4223 11 0 14076
60960 14093.677 3600 0.672 0.895 0 0 0 0 544 4212 5 0 14076
60960 17693.677 3600 0.639 0.923 0 0 0 0 504 4218 7 0 14076
60960 21293.677 3600 0.434 1.133 0 0 0 0 536 4209 9 0 14076
60960 24893.677 3600 0.526 1.050 0 0 0 0 520 4244 9 0 14076
60960 28493.677 3600 0.734 0.851 0 0 0 0 496 4266 5 0 14076
60960 32093.677 3600 0.568 1.002 0 0 0 0 512 4229 12 0 14076
60960 35693.677 3600 0.646 0.920 0 0 0 0 528 4227 6 0 14076
60960 39293.677 3600 0.485 1.072 0 0 0 0 512 4218 9 0 14076
60960 42893.677 3600 0.635 0.924 0 0 0 0 512 4225 9 0 14076
60960 46493.677 3600 0.779 0.781 0 0 0 0 520 4214 13 0 14076
60960 50093.677 3600 0.515 1.042 0 0 0 0 496 4216 8 0 14076
60960 53693.677 3600 0.558 0.970 0 0 0 0 472 4204 12 0 14076
60960 57293.677 3600 0.680 0.854 0 0 0 0 472 4209 8 0 14076
60960 60893.677 3600 0.600 0.930 0 0 0 0 488 4204 4 0 14076
60960 64493.677 3600 0.561 0.994 0 0 0 0 512 4215 8 0 14076
60960 68093.677 3600 0.744 0.808 0 0 0 0 504 4210 12 0 14076
60960 71693.677 3600 0.696 0.853 0 0 0 0 496 4216 5 0 14076
60960 75293.677 3600 0.537 1.028 0 0 0 0 504 4219 7 0 14076
60960 78893.677 3600 0.687 0.881 0 0 0 0 520 4219 11 0 14076
60960 82493.677 3600 0.724 0.838 0 0 0 0 504 4214 5 0 14076
60960 86093.677 3600 0.664 0.874 0 0 0 0 472 4211 4 0 14076
60961 3293.678 3600 0.600 0.934 0 0 0 0 488 4208 16 0 14076
60961 6893.677 3600 0.751 0.798 0 0 0 0 512 4210 8 0 14076
60961 10493.677 3600 0.616 0.938 0 0 0 0 512 4216 4 0 14076
60961 14093.677 3600 0.600 0.958 0 0 0 0 512 4219 7 0 14076
60961 17693.677 3600 0.698 0.856 0 0 0 0 512 4211 8 0 14076
60961 21293.677 3600 0.598 0.956 0 0 0 0 512 4218 9 0 14076
60961 24893.677 3600 0.574 0.985 0 0 0 0 536 4215 12 0 14076
60961 28493.677 3600 0.420 1.134 0 0 0 0 496 4225 8 0 14076
60961 32093.677 3600 0.381 1.178 0 0 0 0 520 4219 6 0 14076
60961 35693.678 3600 0.768 0.797 0 0 0 0 512 4230 7 0 14076
60961 39293.677 3600 0.512 1.060 0 0 0 0 536 4244 6 0 14076
60961 42893.677 3600 0.527 1.028 0 0 0 0 504 4221 12 0 14076
60961 46493.677 3600 0.750 0.797 0 0 0 0 488 4224 8 0 14076
60961 50093.677 3600 0.404 1.183 0 0 0 0 520 4254 6 0 14076
60961 53693.677 3600 0.512 1.072 0 0 0 0 496 4255 7 0 14076
60961 57293.677 3600 0.553 1.028 0 0 0 0 504 4245 10 0 14076
60961 60893.678 3600 0.591 0.982 0 0 0 0 520 4245 4 0 14076
60961 64493.678 3600 0.541 1.031 0 0 0 0 504 4257 7 0 14076
60961 68093.677 3600 0.487 1.075 0 0 0 0 504 4220 7 0 14076
60961 71693.677 3600 0.536 1.027 0 0 0 0 520 4223 7 0 14076
60961 75293.677 3600 0.733 0.836 0 0 0 0 480 4230 9 0 14076
60961 78893.677 3600 0.621 0.942 0 0 0 0 536 4215 9 0 14076
60961 82493.677 3600 0.591 0.982 0 0 0 0 504 4229 10 0 14076
60961 86093.677 3600 0.619 0.939 0 0 0 0 480 4215 13 0 14076
60962 3293.678 3600 0.621 0.942 0 0 0 0 496 4224 12 0 14076
60962 6893.677 3600 0.703 0.852 0 0 0 0 480 4213 3 0 14076
60962 10493.677 3600 0.477 1.072 0 0 0 0 496 4213 11 0 14076
60962 14093.677 3600 0.646 0.898 0 0 0 0 480 4204 12 0 14076
60962 17693.677 3600 0.565 0.970 0 0 0 0 472 4213 7 0 14076
60962 21293.677 3600 0.584 0.955 0 0 0 0 488 4211 4 0 14076
60962 24893.677 3600 0.470 1.085 0 0 0 0 528 4216 5 0 14076
60962 28493.678 3600 0.516 1.047 0 0 0 0 512 4216 7 0 14076
60962 32093.677 3600 0.598 0.957 0 0 0 0 488 4212 10 0 14076
60962 35693.677 3600 0.391 1.142 0 0 0 0 480 4207 6 0 14076
60962 39293.678 3600 0.727 0.809 0 0 0 0 496 4211 6 0 14076
60962 42893.677 3600 0.831 0.707 0 0 0 0 480 4207 6 0 14076
60962 46493.677 3600 0.658 0.899 0 0 0 0 504 4213 7 0 14076
60962 50093.677 3600 0.748 0.799 0 0 0 0 496 4209 6 0 14076
60962 53693.677 3600 1.033 0.501 0 0 0 0 480 4195 13 0 14076
60962 57293.677 3600 0.595 0.935 0 0 0 0 464 4204 7 0 14076
60962 60893.677 3600 0.850 0.697 0 0 0 0 512 4205 5 0 14076
60962 64493.677 3600 0.594 0.974 0 0 0 0 512 4218 11 0 14076
60962 68093.678 3600 0.756 0.814 0 0 0 0 496 4234 7 0 14076
60962 71693.677 3600 1.025 0.534 0 0 0 0 504 4218 4 0 14076
60962 75293.678 3600 0.688 0.880 0 0 0 0 536 4212 11 0 14076
60962 78893.677 3600 0.641 0.917 0 0 0 0 512 4203 7 0 14076
60962 82493.678 3600 0.542 1.023 0 0 0 0 512 4215 12 0 14076
60962 86093.677 3600 0.744 0.819 0 0 0 0 504 4212 6 0 14076
60963 3293.678 3600 0.822 0.746 0 0 0 0 512 4213 9 0 14076
60963 6893.677 3600 0.957 0.609 0 0 0 0 512 4221 9 0 14076
60963 10493.677 3600 0.640 0.919 0 0 0 0 520 4205 6 0 14076
60963 14093.677 3600 0.438 1.116 0 0 0 0 504 4217 14 0 14076
60963 17693.677 3600 0.556 0.997 0 0 0 0 504 4209 7 0 14076
60963 21293.677 3600 0.645 0.905 0 0 0 0 520 4210 6 0 14076
60963 24893.677 3600 0.969 0.590 0 0 0 0 512 4216 5 0 14076
60963 28493.678 3600 0.990 0.564 0 0 0 0 512 4210 10 0 14076
60963 32093.677 3600 0.983 0.576 0 0 0 0 504 4220 11 0 14076
60963 35693.678 3600 0.981 0.553 0 0 0 0 480 4207 6 0 14076
60963 39293.677 3600 0.901 0.638 0 0 0 0 504 4208 5 0 14076
60963 42893.677 3600 0.819 0.739 0 0 0 0 528 4222 9 0 14076
60963 46493.677 3600 0.599 0.954 0 0 0 0 496 4217 9 0 14076
60963 50093.677 3600 0.603 0.954 0 0 0 0 504 4222 9 0 14076
60963 53693.677 3600 0.661 0.900 0 0 0 0 536 4219 6 0 14076
60963 57293.677 3600 0.684 0.880 0 0 0 0 544 4217 9 0 14076
60963 60893.677 3600 0.925 0.633 0 0 0 0 512 4219 6 0 14076
60963 64493.678 3600 0.492 1.060 0 0 0 0 512 4208 8 0 14076
60963 68093.677 3600 0.780 0.768 0 0 0 0 504 4207 9 0 14076
60963 71693.677 3600 1.008 0.527 0 0 0 0 480 4210 11 0 14076
60963 75293.677 3600 0.914 0.636 0 0 0 0 496 4211 8 0 14076
60963 78893.678 3600 0.643 0.904 0 0 0 0 488 4209 7 0 14076
60963 82493.677 3600 0.944 0.620 0 0 0 0 512 4219 11 0 14076
60963 86093.677 3600 1.205 0.358 0 0 0 0 504 4218 12 0 14076
60964 3293.678 3600 1.022 0.536 0 0 0 0 528 4204 6 0 14076
60964 6893.677 3600 0.493 1.070 0 0 0 0 504 4218 7 0 14076
60964 10493.677 3600 0.550 1.005 0 0 0 0 512 4219 6 0 14076
60964 14093.677 3600 0.548 0.993 0 0 0 0 488 4208 10 0 14076
60964 17693.677 3600 1.115 0.450 0 0 0 0 528 4223 13 0 14076
60964 21293.677 3600 0.652 0.894 0 0 0 0 512 4215 8 0 14076
60964 24893.677 3600 1.166 0.384 0 0 0 0 528 4204 9 0 14076
60964 28493.677 3600 0.737 0.795 0 0 0 0 480 4204 7 0 14076
60964 32093.677 3600 0.943 0.608 0 0 0 0 488 4210 3 0 14076
60964 35693.677 3600 0.685 0.849 0 0 0 0 472 4212 2 0 14076
60964 39293.677 3600 0.361 1.181 0 0 0 0 512 4207 3 0 14076
60964 42893.677 3600 0.428 1.120 0 0 0 0 496 4211 11 0 14076
60964 46493.677 3600 0.828 0.735 0 0 0 0 520 4220 11 0 14076
60964 50093.677 3600 0.982 0.581 0 0 0 0 520 4221 5 0 14076
60964 53693.677 3600 0.431 1.137 0 0 0 0 520 4231 7 0 14076
60964 57293.677 3600 0.923 0.643 0 0 0 0 512 4219 12 0 14076
60964 60893.678 3600 0.599 0.938 0 0 0 0 480 4205 4 0 14076
60964 64493.677 3600 0.417 1.133 0 0 0 0 496 4217 7 0 14076
60964 68093.677 3600 0.586 0.967 0 0 0 0 512 4219 7 0 14076
60964 71693.678 3600 0.653 0.918 0 0 0 0 512 4231 7 0 14076
60964 75293.678 3600 0.984 0.582 0 0 0 0 528 4226 5 0 14076
60964 78893.677 3600 0.832 0.736 0 0 0 0 504 4223 7 0 14076
60964 82493.677 3600 0.755 0.804 0 0 0 0 496 4221 5 0 14076
60964 86093.678 3600 0.401 1.162 0 0 0 0 496 4216 12 0 14076
60965 3293.678 3600 0.618 0.944 0 0 0 0 504 4214 7 0 14076
60965 6893.677 3600 0.502 1.039 0 0 0 0 480 4210 6 0 14076
60965 10493.678 3600 0.672 0.894 0 0 0 0 512 4216 15 0 14076
60965 14093.678 3600 0.611 0.959 0 0 0 0 504 4235 6 0 14076
60965 17693.677 3600 0.484 1.077 0 0 0 0 528 4221 7 0 14076
60965 21293.677 3600 0.782 0.779 0 0 0 0 528 4218 7 0 14076
60965 24893.677 3600 0.746 0.809 0 0 0 0 504 4211 11 0 14076
60965 28493.677 3600 0.551 0.991 0 0 0 0 496 4193 5 0 14076
60965 32093.677 3600 1.044 0.492 0 0 0 0 472 4205 7 0 14076
60965 35693.677 3600 0.561 0.973 0 0 0 0 504 4200 9 0 14076
60965 39293.677 3600 0.688 0.875 0 0 0 0 528 4213 5 0 14076
60965 42893.678 3600 0.864 0.696 0 0 0 0 512 4212 13 0 14076
60965 46493.677 3600 1.215 0.355 0 0 0 0 512 4218 17 0 14076
60965 50093.677 3600 0.573 0.995 0 0 0 0 504 4224 7 0 14076
60965 53693.677 3600 0.430 1.131 0 0 0 0 528 4218 7 0 14076
60965 57293.678 3600 0.621 0.931 0 0 0 0 488 4219 6 0 14076
60965 60893.677 3600 0.672 0.887 0 0 0 0 512 4222 14 0 14076
60965 64493.677 3600 0.525 1.040 0 0 0 0 512 4220 12 0 14076
60965 68093.678 3600 0.452 1.102 0 0 0 0 512 4223 15 0 14076
60965 71693.677 3600 0.508 1.055 0 0 0 0 520 4219 8 0 14076
60965 75293.677 3600 0.853 0.714 0 0 0 0 504 4223 7 0 14076
60965 78893.677 3600 0.962 0.591 0 0 0 0 488 4216 12 0 14076
60965 82493.677 3600 0.516 1.027 0 0 0 0 512 4212 6 0 14076
60965 86093.677 3600 0.640 0.923 0 0 0 0 528 4216 9 0 14076
60966 3293.678 3600 0.762 0.794 0 0 0 0 512 4215 4 0 14076
60966 6893.677 3600 0.676 0.885 0 0 0 0 520 4214 9 0 14076
60966 10493.677 3600 0.666 0.895 0 0 0 0 504 4221 4 0 14076
60966 14093.677 3600 0.762 0.793 0 0 0 0 512 4205 9 0 14076
60966 17693.677 3600 0.788 0.773 0 0 0 0 512 4215 10 0 14076
60966 21293.677 3600 0.820 0.738 0 0 0 0 528 4213 12 0 14076
60966 24893.678 3600 0.653 0.917 0 0 0 0 512 4221 5 0 14076
60966 28493.677 3600 0.687 0.875 0 0 0 0 520 4218 5 0 14076
60966 32093.678 3600 0.863 0.700 0 0 0 0 488 4217 6 0 14076
60966 35693.677 3600 0.961 0.602 0 0 0 0 512 4212 7 0 14076
60966 39293.677 3600 0.651 0.914 0 0 0 0 528 4217 10 0 14076
60966 42893.677 3600 1.040 0.527 0 0 0 0 528 4218 7 0 14076
60966 46493.677 3600 0.750 0.810 0 0 0 0 520 4206 7 0 14076
60966 50093.677 3600 0.616 0.954 0 0 0 0 512 4210 10 0 14076
60966 53693.677 3600 0.981 0.552 0 0 0 0 496 4204 5 0 14076
60966 57293.677 3600 1.098 0.441 0 0 0 0 496 4195 8 0 14076
60966 60893.677 3600 0.679 0.873 0 0 0 0 512 4216 9 0 14076
60966 64493.677 3600 0.573 0.989 0 0 0 0 520 4216 9 0 14076
60966 68093.677 3600 0.734 0.797 0 0 0 0 488 4202 2 0 14076
60966 71693.677 3600 0.557 1.002 0 0 0 0 512 4212 6 0 14076
60966 75293.677 3600 0.949 0.614 0 0 0 0 552 4214 6 0 14076
60966 78893.677 3600 0.752 0.805 0 0 0 0 520 4219 3 0 14076
60966 82493.677 3600 0.872 0.689 0 0 0 0 512 4211 13 0 14076
60966 86093.677 3600 0.858 0.704 0 0 0 0 520 4215 11 0 14076
60967 3293.678 3600 0.903 0.659 0 0 0 0 480 4223 8 0 14076
60967 6893.677 3600 0.395 1.150 0 0 0 0 504 4205 8 0 14076
60967 10493.677 3600 0.621 0.927 0 0 0 0 520 4215 1 0 14076
60967 14093.677 3600 0.868 0.693 0 0 0 0 496 4211 8 0 14076
60967 17693.677 3600 0.876 0.684 0 0 0 0 528 4220 9 0 14076
60967 21293.677 3600 0.748 0.824 0 0 0 0 520 4243 9 0 14076
60967 24893.677 3600 0.844 0.747 0 0 0 0 528 4271 5 0 14076
60967 28493.677 3600 0.733 0.846 0 0 0 0 520 4247 14 0 14076
60967 32093.677 3600 1.029 0.543 0 0 0 0 528 4233 4 0 14076
60967 35693.677 3600 0.566 1.003 0 0 0 0 504 4241 9 0 14076
60967 39293.677 3600 0.984 0.558 0 0 0 0 496 4221 8 0 14076
60967 42893.677 3600 0.890 0.669 0 0 0 0 472 4247 12 0 14076
60967 46493.678 3600 0.621 0.934 0 0 0 0 488 4241 10 0 14076
60967 50093.678 3600 0.794 0.788 0 0 0 0 512 4239 15 0 14076
60967 53693.678 3600 0.940 0.625 0 0 0 0 496 4242 10 0 14076
60967 57293.678 3600 0.724 0.864 0 0 0 0 512 4271 4 0 14076
60967 60893.677 3600 0.869 0.737 0 0 0 0 512 4272 15 0 14076
60967 64493.677 3600 0.752 0.818 0 0 0 0 488 4246 9 0 14076
60967 68093.677 3600 0.656 0.900 0 0 0 0 480 4238 7 0 14076
60967 71693.677 3600 0.625 0.955 0 0 0 0 504 4252 7 0 14076
60967 75293.677 3600 0.695 0.895 0 0 0 0 520 4256 10 0 14076
60967 78893.677 3600 0.698 0.884 0 0 0 0 504 4252 7 0 14076
60967 82493.677 3600 0.409 1.191 0 0 0 0 512 4270 8 0 14076
60967 86093.678 3600 0.757 0.838 0 0 0 0 520 4272 12 0 14076
60968 3293.678 3600 0.868 0.723 0 0 0 0 488 4268 6 0 14076
60968 6893.677 3600 0.823 0.761 0 0 0 0 496 4255 11 0 14076
60968 10493.677 3600 0.818 0.754 0 0 0 0 512 4233 12 0 14076
60968 14093.677 3600 0.702 0.866 0 0 0 0 472 4242 12 0 14076
60968 17693.677 3600 0.670 0.890 0 0 0 0 464 4244 5 0 14076
60968 21293.677 3600 0.806 0.752 0 0 0 0 520 4217 7 0 14076
60968 24893.677 3600 0.716 0.840 0 0 0 0 496 4214 5 0 14076
60968 28493.678 3600 0.894 0.661 0 0 0 0 512 4218 6 0 14076
60968 32093.677 3600 0.770 0.787 0 0 0 0 504 4213 14 0 14076
60968 35693.677 3600 0.742 0.807 0 0 0 0 480 4218 7 0 14076
60968 39293.677 3600 0.699 0.885 0 0 0 0 528 4250 6 0 14076
60968 42893.677 3600 0.595 0.981 0 0 0 0 528 4235 9 0 14076
60968 46493.677 3600 0.336 1.211 0 0 0 0 488 4219 6 0 14076
60968 50093.678 3600 0.663 0.904 0 0 0 0 504 4218 7 0 14076
60968 53693.677 3600 0.945 0.623 0 0 0 0 536 4223 7 0 14076
60968 57293.677 3600 0.774 0.792 0 0 0 0 520 4219 9 0 14076
60968 60893.678 3600 0.626 0.939 0 0 0 0 520 4215 5 0 14076
60968 64493.677 3600 0.738 0.826 0 0 0 0 520 4215 4 0 14076
60968 68093.677 3600 0.839 0.731 0 0 0 0 512 4227 4 0 14076
60968 71693.677 3600 0.636 0.940 0 0 0 0 504 4255 7 0 14076
60968 75293.677 3600 0.493 1.074 0 0 0 0 496 4234 7 0 14076
60968 78893.677 3600 0.865 0.736 0 0 0 0 496 4256 10 0 14076
60968 82493.677 3600 0.681 0.876 0 0 0 0 496 4227 9 0 14076
60968 86093.677 3600 0.966 0.588 0 0 0 0 512 4223 6 0 14076
60969 3293.678 3600 0.832 0.736 0 0 0 0 496 4226 6 0 14076
60969 6893.677 3600 0.761 0.806 0 0 0 0 512 4225 8 0 14076
60969 10493.677 3600 0.709 0.860 0 0 0 0 512 4217 15 0 14076
60969 14093.678 3600 1.063 0.501 0 0 0 0 520 4216 14 0 14076
60969 17693.678 3600 0.996 0.575 0 0 0 0 528 4236 7 0 14076
60969 21293.677 3600 0.965 0.604 0 0 0 0 496 4234 11 0 14076
60969 24893.677 3600 0.901 0.657 0 0 0 0 512 4223 6 0 14076
60969 28493.677 3600 1.256 0.308 0 0 0 0 504 4231 9 0 14076
60969 32093.678 3600 0.531 1.047 0 0 0 0 512 4262 5 0 14076
60969 35693.677 3600 0.642 0.925 0 0 0 0 496 4248 5 0 14076
60969 39293.677 3600 0.766 0.804 0 0 0 0 496 4260 7 0 14076
60969 42893.677 3600 0.569 1.020 0 0 0 0 512 4270 3 0 14076
60969 46493.677 3600 0.491 1.079 0 0 0 0 504 4248 13 0 14076
60969 50093.677 3600 0.587 0.992 0 0 0 0 520 4248 10 0 14076
60969 53693.677 3600 0.644 0.947 0 0 0 0 512 4273 8 0 14076
60969 57293.678 3600 0.784 0.810 0 0 0 0 536 4263 7 0 14076
60969 60893.677 3600 0.535 1.058 0 0 0 0 520 4268 8 0 14076
60969 64493.677 3600 0.576 1.019 0 0 0 0 504 4266 6 0 14076
60969 68093.678 3600 0.397 1.199 0 0 0 0 528 4262 10 0 14076
60969 71693.677 3600 0.344 1.236 0 0 0 0 504 4240 5 0 14076
60969 75293.677 3600 0.543 1.031 0 0 0 0 504 4227 5 0 14076
60969 78893.677 3600 0.768 0.805 0 0 0 0 512 4222 3 0 14076
60969 82493.677 3600 0.715 0.842 0 0 0 0 496 4218 7 0 14076
60969 86093.677 3600 0.632 0.934 0 0 0 0 512 4221 6 0 14076
60970 3293.678 3600 0.517 1.052 0 0 0 0 520 4215 8 0 14076
60970 6893.677 3600 0.718 0.846 0 0 0 0 528 4208 5 0 14076
60970 10493.677 3600 0.813 0.743 0 0 0 0 488 4212 5 0 14076
60970 14093.677 3600 0.619 0.918 0 0 0 0 488 4198 12 0 14076
60970 17693.677 3600 0.695 0.856 0 0 0 0 480 4214 11 0 14076
60970 21293.677 3600 0.557 0.985 0 0 0 0 496 4216 13 0 14076
60970 24893.677 3600 0.671 0.880 0 0 0 0 504 4215 11 0 14076
60970 28493.677 3600 0.602 0.964 0 0 0 0 528 4220 8 0 14076
60970 32093.677 3600 0.756 0.817 0 0 0 0 520 4227 9 0 14076
60970 35693.678 3600 0.751 0.808 0 0 0 0 528 4213 3 0 14076
60970 39293.677 3600 0.504 1.051 0 0 0 0 528 4211 18 0 14076
60970 42893.677 3600 0.479 1.061 0 0 0 0 472 4207 5 0 14076
60970 46493.677 3600 0.500 1.034 0 0 0 0 472 4209 9 0 14076
60970 50093.677 3600 0.669 0.864 0 0 0 0 472 4205 8 0 14076
60970 53693.677 3600 0.666 0.886 0 0 0 0 512 4218 10 0 14076
60970 57293.677 3600 0.794 0.769 0 0 0 0 496 4219 9 0 14076
60970 60893.678 3600 0.840 0.695 0 0 0 0 472 4214 4 0 14076
60970 64493.677 3600 0.528 1.004 0 0 0 0 472 4210 5 0 14076
60970 68093.677 3600 0.778 0.764 0 0 0 0 488 4206 4 0 14076
60970 71693.678 3600 0.610 0.963 0 0 0 0 536 4219 6 0 14076
60970 75293.677 3600 0.512 1.051 0 0 0 0 472 4229 6 0 14076
60970 78893.677 3600 0.617 0.946 0 0 0 0 520 4222 9 0 14076
60970 82493.677 3600 0.590 0.978 0 0 0 0 536 4225 6 0 14076
60970 86093.677 3600 0.639 0.921 0 0 0 0 504 4220 8 0 14076
60971 3293.678 3600 0.604 0.957 0 0 0 0 528 4212 11 0 14076
60971 6893.678 3600 0.597 0.963 0 0 0 0 520 4218 7 0 14076
60971 10493.677 3600 0.553 1.010 0 0 0 0 480 4219 7 0 14076
60971 14093.677 3600 0.483 1.085 0 0 0 0 520 4222 13 0 14076
60971 17693.677 3600 0.532 1.016 0 0 0 0 496 4215 7 0 14076
60971 21293.677 3600 0.684 0.866 0 0 0 0 504 4220 14 0 14076
60971 24893.677 3600 0.660 0.913 0 0 0 0 512 4228 10 0 14076
60971 28493.677 3600 0.639 0.926 0 0 0 0 504 4222 8 0 14076
60971 32093.677 3600 0.714 0.846 0 0 0 0 504 4210 4 0 14076
60971 35693.677 3600 0.451 1.117 0 0 0 0 528 4218 8 0 14076
60971 39293.677 3600 0.616 0.933 0 0 0 0 504 4202 9 0 14076
60971 42893.677 3600 0.575 0.964 0 0 0 0 488 4218 6 0 14076
60971 46493.677 3600 0.700 0.865 0 0 0 0 528 4217 15 0 14076
60971 50093.677 3600 0.515 1.050 0 0 0 0 512 4225 5 0 14076
60971 53693.677 3600 0.450 1.114 0 0 0 0 504 4225 6 0 14076
60971 57293.677 3600 0.607 0.952 0 0 0 0 496 4216 8 0 14076
60971 60893.677 3600 0.412 1.135 0 0 0 0 488 4210 7 0 14076
60971 64493.677 3600 0.800 0.764 0 0 0 0 520 4218 14 0 14076
60971 68093.677 3600 0.406 1.151 0 0 0 0 512 4208 3 0 14076
60971 71693.677 3600 0.529 1.016 0 0 0 0 480 4210 8 0 14076
60971 75293.677 3600 0.642 0.896 0 0 0 0 480 4207 9 0 14076
60971 78893.677 3600 0.691 0.851 0 0 0 0 488 4219 5 0 14076
60971 82493.677 3600 0.579 0.982 0 0 0 0 512 4220 5 0 14076
60971 86093.677 3600 0.670 0.897 0 0 0 0 512 4216 11 0 14076
60972 3293.678 3600 0.609 0.957 0 0 0 0 520 4219 3 0 14076
60972 6893.677 3600 0.597 0.951 0 0 0 0 488 4207 5 0 14076
60972 10493.677 3600 0.700 0.853 0 0 0 0 512 4221 6 0 14076
60972 14093.677 3600 0.619 0.950 0 0 0 0 520 4217 9 0 14076
60972 17693.677 3600 0.628 0.942 0 0 0 0 504 4223 4 0 14076
60972 21293.677 3600 0.480 1.083 0 0 0 0 520 4216 7 0 14076
60972 24893.677 3600 0.518 1.057 0 0 0 0 528 4227 13 0 14076
60972 28493.679 3600 0.494 1.073 0 0 0 0 520 4218 16 0 14076
60972 32093.677 3600 0.693 0.874 0 0 0 0 512 4214 6 0 14076
60972 35693.678 3600 0.552 1.015 0 0 0 0 504 4217 5 0 14076
60972 39293.677 3600 0.675 0.881 0 0 0 0 520 4212 8 0 14076
60972 42893.677 3600 0.671 0.891 0 0 0 0 520 4216 8 0 14076
60972 46493.678 3600 0.710 0.856 0 0 0 0 512 4226 10 0 14076
60972 50093.677 3600 0.625 0.920 0 0 0 0 488 4207 6 0 14076
60972 53693.677 3600 0.797 0.736 0 0 0 0 488 4205 8 0 14076
60972 57293.677 3600 0.413 1.144 0 0 0 0 512 4219 6 0 14076
60972 60893.677 3600 0.356 1.195 0 0 0 0 488 4222 3 0 14076
60972 64493.677 3600 0.697 0.848 0 0 0 0 480 4214 6 0 14076
60972 68093.677 3600 0.613 0.951 0 0 0 0 504 4238 9 0 14076
60972 71693.677 3600 0.719 0.838 0 0 0 0 504 4226 1 0 14076
60972 75293.677 3600 0.576 0.989 0 0 0 0 504 4225 6 0 14076
60972 78893.677 3600 0.596 0.976 0 0 0 0 512 4238 2 0 14076
60972 82493.677 3600 0.590 0.992 0 0 0 0 496 4245 5 0 14076
60972 86093.677 3600 0.559 1.016 0 0 0 0 520 4237 10 0 14076
60973 3293.678 3600 0.511 1.071 0 0 0 0 504 4253 4 0 14076
60973 6893.677 3600 0.452 1.113 0 0 0 0 488 4222 7 0 14076
60973 10493.677 3600 0.586 0.982 0 0 0 0 536 4229 12 0 14076
60973 14093.677 3600 0.634 0.934 0 0 0 0 504 4230 10 0 14076
60973 17693.677 3600 0.694 0.878 0 0 0 0 520 4237 6 0 14076
60973 21293.677 3600 0.514 1.054 0 0 0 0 512 4232 13 0 14076
60973 24893.677 3600 0.586 0.983 0 0 0 0 520 4224 6 0 14076
60973 28493.677 3600 0.708 0.840 0 0 0 0 496 4211 7 0 14076
60973 32093.677 3600 0.778 0.766 0 0 0 0 504 4208 7 0 14076
60973 35693.677 3600 0.543 0.983 0 0 0 0 464 4209 14 0 14076
60973 39293.677 3600 0.624 0.900 0 0 0 0 480 4208 6 0 14076
60973 42893.677 3600 0.536 0.991 0 0 0 0 472 4204 7 0 14076
60973 46493.677 3600 0.535 1.006 0 0 0 0 480 4223 7 0 14076
60973 50093.677 3600 0.508 1.042 0 0 0 0 480 4233 10 0 14076
60973 53693.677 3600 0.505 1.064 0 0 0 0 536 4224 6 0 14076
60973 57293.677 3600 0.705 0.869 0 0 0 0 512 4227 5 0 14076
60973 60893.677 3600 0.539 0.998 0 0 0 0 472 4209 5 0 14076
60973 64493.677 3600 0.554 0.985 0 0 0 0 472 4209 5 0 14076
60973 68093.677 3600 0.587 0.973 0 0 0 0 504 4226 12 0 14076
60973 71693.677 3600 0.601 0.968 0 0 0 0 520 4215 5 0 14076
60973 75293.677 3600 0.547 1.017 0 0 0 0 488 4223 4 0 14076
60973 78893.678 3600 0.586 0.972 0 0 0 0 520 4219 8 0 14076
60973 82493.678 3600 0.587 0.974 0 0 0 0 536 4218 9 0 14076
60973 86093.677 3600 0.647 0.924 0 0 0 0 512 4217 4 0 14076
60974 3293.678 3600 0.607 0.945 0 0 0 0 488 4219 8 0 14076
60974 6893.677 3600 0.618 0.943 0 0 0 0 496 4225 6 0 14076
60974 10493.677 3600 0.673 0.880 0 0 0 0 496 4220 12 0 14076
60974 14093.678 3600 0.628 0.934 0 0 0 0 496 4224 6 0 14076
60974 17693.677 3600 0.582 0.986 0 0 0 0 504 4223 7 0 14076
60974 21293.677 3600 0.637 0.929 0 0 0 0 504 4221 11 0 14076
60974 24893.677 3600 0.489 1.091 0 0 0 0 528 4241 11 0 14076
60974 28493.677 3600 0.768 0.842 0 0 0 0 544 4282 6 0 14076
60974 32093.678 3600 0.531 1.051 0 0 0 0 496 4245 13 0 14076
60974 35693.677 3600 0.636 0.929 0 0 0 0 512 4219 8 0 14076
60974 39293.677 3600 0.630 0.927 0 0 0 0 496 4209 7 0 14076
60974 42893.677 3600 0.627 0.935 0 0 0 0 512 4217 10 0 14076
60974 46493.677 3600 0.551 1.005 0 0 0 0 496 4227 7 0 14076
60974 50093.677 3600 0.492 1.077 0 0 0 0 504 4246 5 0 14076
60974 53693.677 3600 0.645 0.942 0 0 0 0 512 4256 4 0 14076
60974 57293.677 3600 0.526 1.053 0 0 0 0 496 4260 5 0 14076
60974 60893.678 3600 0.587 0.981 0 0 0 0 520 4237 3 0 14076
60974 64493.677 3600 0.544 1.038 0 0 0 0 504 4262 8 0 14076
60974 68093.677 3600 0.720 0.853 0 0 0 0 528 4247 13 0 14076
60974 71693.677 3600 0.473 1.094 0 0 0 0 504 4240 8 0 14076
60974 75293.677 3600 0.650 0.911 0 0 0 0 504 4234 3 0 14076
60974 78893.677 3600 0.560 0.999 0 0 0 0 504 4231 9 0 14076
60974 82493.678 3600 0.633 0.928 0 0 0 0 512 4223 8 0 14076
60974 86093.677 3600 0.589 0.967 0 0 0 0 488 4226 10 0 14076
60975 3293.678 3600 0.577 0.991 0 0 0 0 528 4232 5 0 14076
60975 6893.677 3600 0.457 1.096 0 0 0 0 496 4209 5 0 14076
60975 10493.677 3600 0.652 0.884 0 0 0 0 488 4209 9 0 14076
60975 14093.678 3600 0.565 0.973 0 0 0 0 480 4207 4 0 14076
60975 17693.677 3600 0.777 0.779 0 0 0 0 504 4217 7 0 14076
60975 21293.677 3600 0.610 0.940 0 0 0 0 504 4214 5 0 14076
60975 24893.678 3600 0.565 0.995 0 0 0 0 528 4215 13 0 14076
60975 28493.677 3600 0.460 1.105 0 0 0 0 520 4223 6 0 14076
60975 32093.677 3600 0.555 1.001 0 0 0 0 496 4216 7 0 14076
60975 35693.677 3600 0.490 1.071 0 0 0 0 488 4231 11 0 14076
60975 39293.677 3600 0.327 1.256 0 0 0 0 512 4251 8 0 14076
60975 42893.677 3600 0.505 1.073 0 0 0 0 512 4244 10 0 14076
60975 46493.677 3600 0.621 0.957 0 0 0 0 504 4251 9 0 14076
60975 50093.677 3600 0.583 0.988 0 0 0 0 504 4253 12 0 14076
60975 53693.677 3600 0.658 0.914 0 0 0 0 512 4255 9 0 14076
60975 57293.677 3600 0.639 0.947 0 0 0 0 520 4254 8 0 14076
60975 60893.677 3600 0.452 1.141 0 0 0 0 520 4260 17 0 14076
60975 64493.677 3600 0.535 1.038 0 0 0 0 504 4239 8 0 14076
60975 68093.677 3600 0.649 0.919 0 0 0 0 528 4234 6 0 14076
60975 71693.678 3600 0.472 1.069 0 0 0 0 472 4227 6 0 14076
60975 75293.677 3600 0.515 1.029 0 0 0 0 504 4217 8 0 14076
60975 78893.677 3600 0.482 1.080 0 0 0 0 512 4226 12 0 14076
60975 82493.677 3600 0.613 0.951 0 0 0 0 504 4222 8 0 14076
60975 86093.677 3600 0.488 1.071 0 0 0 0 496 4222 4 0 14076
60976 3293.678 3600 0.805 0.762 0 0 0 0 496 4225 6 0 14076
60976 6893.677 3600 0.573 0.971 0 0 0 0 496 4207 9 0 14076
60976 10493.677 3600 0.581 0.964 0 0 0 0 496 4219 4 0 14076
60976 14093.677 3600 0.630 0.934 0 0 0 0 536 4220 9 0 14076
60976 17693.677 3600 0.553 1.004 0 0 0 0 512 4218 10 0 14076
60976 21293.677 3600 0.632 0.936 0 0 0 0 496 4232 5 0 14076
60976 24893.678 3600 0.624 0.945 0 0 0 0 536 4226 1 0 14076
60976 28493.677 3600 0.553 1.007 0 0 0 0 488 4225 2 0 14076
60976 32093.677 3600 0.401 1.135 0 0 0 0 480 4209 6 0 14076
60976 35693.677 3600 0.500 1.035 0 0 0 0 472 4207 7 0 14076
60976 39293.677 3600 0.400 1.135 0 0 0 0 496 4197 7 0 14076
60976 42893.677 3600 0.430 1.137 0 0 0 0 528 4221 6 0 14076
60976 46493.677 3600 0.303 1.260 0 0 0 0 520 4216 8 0 14076
60976 50093.677 3600 0.711 0.851 0 0 0 0 512 4219 7 0 14076
60976 53693.677 3600 0.359 1.199 0 0 0 0 504 4222 7 0 14076
60976 57293.677 3600 0.337 1.229 0 0 0 0 528 4215 8 0 14076
60976 60893.677 3600 0.679 0.886 0 0 0 0 504 4227 10 0 14076
60976 64493.677 3600 0.500 1.057 0 0 0 0 528 4215 7 0 14076
60976 68093.678 3600 0.519 1.045 0 0 0 0 496 4212 6 0 14076
60976 71693.677 3600 0.468 1.093 0 0 0 0 512 4219 7 0 14076
60976 75293.677 3600 0.621 0.946 0 0 0 0 512 4227 8 0 14076
60976 78893.677 3600 0.761 0.802 0 0 0 0 504 4224 6 0 14076
60976 82493.677 3600 0.585 0.978 0 0 0 0 536 4221 12 0 14076
60976 86093.678 3600 0.616 0.943 0 0 0 0 520 4221 4 0 14076
60977 3293.678 3600 0.611 0.955 0 0 0 0 488 4226 5 0 14076
60977 6893.677 3600 0.501 1.064 0 0 0 0 504 4225 7 0 14076
60977 10493.677 3600 0.605 0.968 0 0 0 0 512 4241 5 0 14076
60977 14093.677 3600 0.406 1.173 0 0 0 0 496 4244 9 0 14076
60977 17693.677 3600 0.562 1.028 0 0 0 0 504 4262 8 0 14076
60977 21293.678 3600 0.443 1.146 0 0 0 0 520 4260 8 0 14076
60977 24893.678 3600 0.591 0.969 0 0 0 0 560 4199 12 0 14076
60977 28493.677 3600 0.782 0.770 0 0 0 0 520 4210 6 0 14076
60977 32093.677 3600 0.505 1.051 0 0 0 0 496 4234 6 0 14076
60977 35693.678 3600 0.490 1.110 0 0 0 0 536 4271 7 0 14076
60977 39293.677 3600 0.569 1.000 0 0 0 0 496 4256 5 0 14076
60977 42893.677 3600 0.622 0.952 0 0 0 0 512 4233 9 0 14076
60977 46493.677 3600 0.787 0.776 0 0 0 0 504 4215 7 0 14076
60977 50093.677 3600 0.299 1.235 0 0 0 0 480 4206 7 0 14076
60977 53693.677 3600 0.697 0.877 0 0 0 0 512 4231 4 0 14076
60977 57293.678 3600 0.703 0.865 0 0 0 0 496 4220 4 0 14076
60977 60893.677 3600 0.533 1.034 0 0 0 0 520 4234 8 0 14076
60977 64493.678 3600 0.571 0.988 0 0 0 0 536 4217 8 0 14076
60977 68093.677 3600 0.488 1.073 0 0 0 0 488 4223 7 0 14076
60977 71693.678 3600 0.650 0.913 0 0 0 0 512 4220 8 0 14076
60977 75293.677 3600 0.655 0.898 0 0 0 0 496 4218 4 0 14076
60977 78893.678 3600 0.739 0.812 0 0 0 0 536 4207 7 0 14076
60977 82493.677 3600 0.561 0.994 0 0 0 0 504 4222 8 0 14076
60977 86093.677 3600 0.603 0.952 0 0 0 0 544 4215 9 0 14076
60978 3293.678 3600 0.580 0.981 0 0 0 0 504 4215 6 0 14076
60978 6893.677 3600 0.656 0.903 0 0 0 0 488 4218 3 0 14076
60978 10493.677 3600 0.593 0.960 0 0 0 0 512 4214 9 0 14076
60978 14093.677 3600 0.646 0.911 0 0 0 0 496 4215 6 0 14076
60978 17693.677 3600 0.613 0.927 0 0 0 0 504 4201 6 0 14076
60978 21293.677 3600 0.681 0.856 0 0 0 0 496 4209 6 0 14076
60978 24893.678 3600 0.538 1.025 0 0 0 0 520 4221 11 0 14076
60978 28493.678 3600 0.673 0.888 0 0 0 0 512 4223 10 0 14076
60978 32093.678 3600 0.555 0.992 0 0 0 0 480 4212 9 0 14076
60978 35693.677 3600 0.594 0.942 0 0 0 0 480 4211 6 0 14076
60978 39293.677 3600 0.602 0.952 0 0 0 0 496 4228 4 0 14076
60978 42893.678 3600 0.587 0.954 0 0 0 0 496 4205 14 0 14076
60978 46493.678 3600 0.450 1.095 0 0 0 0 496 4213 7 0 14076
60978 50093.677 3600 0.484 1.077 0 0 0 0 504 4223 7 0 14076
60978 53693.677 3600 0.588 0.975 0 0 0 0 520 4215 10 0 14076
60978 57293.677 3600 0.406 1.159 0 0 0 0 488 4227 10 0 14076
60978 60893.677 3600 0.600 0.971 0 0 0 0 528 4233 5 0 14076
60978 64493.677 3600 0.620 0.951 0 0 0 0 512 4237 11 0 14076
60978 68093.678 3600 0.882 0.678 0 0 0 0 504 4222 3 0 14076
60978 71693.677 3600 0.632 0.914 0 0 0 0 488 4224 5 0 14076
60978 75293.677 3600 0.450 1.099 0 0 0 0 504 4218 9 0 14076
60978 78893.677 3600 0.606 0.957 0 0 0 0 504 4221 8 0 14076
60978 82493.678 3600 0.607 0.959 0 0 0 0 520 4222 12 0 14076
60978 86093.677 3600 0.675 0.890 0 0 0 0 488 4228 6 0 14076
60979 3293.678 3600 0.616 0.950 0 0 0 0 496 4222 7 0 14076
60979 6893.677 3600 0.291 1.272 0 0 0 0 512 4216 4 0 14076
60979 10493.677 3600 0.627 0.931 0 0 0 0 488 4219 8 0 14076
60979 14093.677 3600 0.524 1.037 0 0 0 0 512 4217 7 0 14076
60979 17693.677 3600 0.479 1.081 0 0 0 0 512 4212 8 0 14076
60979 21293.677 3600 0.573 0.981 0 0 0 0 504 4216 6 0 14076
60979 24893.677 3600 0.530 1.024 0 0 0 0 512 4211 6 0 14076
60979 28493.677 3600 0.743 0.821 0 0 0 0 520 4221 4 0 14076
60979 32093.677 3600 0.550 1.012 0 0 0 0 504 4219 4 0 14076
60979 35693.677 3600 0.535 1.032 0 0 0 0 512 4238 7 0 14076
60979 39293.677 3600 0.553 1.035 0 0 0 0 504 4266 10 0 14076
60979 42893.677 3600 0.638 0.943 0 0 0 0 512 4260 8 0 14076
60979 46493.677 3600 0.660 0.911 0 0 0 0 520 4230 8 0 14076
60979 50093.677 3600 0.439 1.128 0 0 0 0 528 4226 11 0 14076
60979 53693.678 3600 0.734 0.831 0 0 0 0 504 4219 7 0 14076
60979 57293.678 3600 0.571 0.998 0 0 0 0 504 4231 11 0 14076
60979 60893.677 3600 0.692 0.871 0 0 0 0 528 4227 16 0 14076
60979 64493.677 3600 0.548 1.024 0 0 0 0 528 4230 10 0 14076
60979 68093.677 3600 0.565 1.007 0 0 0 0 504 4238 7 0 14076
60979 71693.677 3600 0.698 0.884 0 0 0 0 528 4249 7 0 14076
60979 75293.677 3600 0.660 0.906 0 0 0 0 504 4230 14 0 14076
60979 78893.677 3600 0.633 0.937 0 0 0 0 496 4235 7 0 14076
60979 82493.677 3600 0.672 0.888 0 0 0 0 520 4221 8 0 14076
60979 86093.677 3600 0.667 0.899 0 0 0 0 504 4225 10 0 14076
