60980 3293.678 3600 0.336 1.238 0 0 0 0 512 4225 7 0 14076
60980 6893.678 3600 0.524 1.038 0 0 0 0 480 4221 9 0 14076
60980 10493.677 3600 0.724 0.830 0 0 0 0 512 4212 12 0 14076
60980 14093.677 3600 0.597 0.934 0 0 0 0 488 4205 6 0 14076
60980 17693.677 3600 0.641 0.916 0 0 0 0 520 4218 9 0 14076
60980 21293.678 3600 0.476 1.081 0 0 0 0 512 4219 7 0 14076
60980 24893.678 3600 0.506 1.043 0 0 0 0 512 4210 5 0 14076
60980 28493.677 3600 0.639 0.891 0 0 0 0 488 4212 8 0 14076
60980 32093.677 3600 0.611 0.939 0 0 0 0 488 4222 11 0 14076
60980 35693.677 3600 0.654 0.904 0 0 0 0 512 4215 5 0 14076
60980 39293.677 3600 0.445 1.104 0 0 0 0 512 4217 8 0 14076
60980 42893.677 3600 0.680 0.879 0 0 0 0 528 4213 3 0 14076
60980 46493.677 3600 0.404 1.157 0 0 0 0 512 4216 7 0 14076
60980 50093.677 3600 0.455 1.080 0 0 0 0 472 4218 8 0 14076
60980 53693.677 3600 0.448 1.093 0 0 0 0 488 4223 7 0 14076
60980 57293.677 3600 0.374 1.182 0 0 0 0 512 4218 4 0 14076
60980 60893.677 3600 0.563 1.002 0 0 0 0 536 4223 7 0 14076
60980 64493.677 3600 0.444 1.115 0 0 0 0 520 4225 9 0 14076
60980 68093.677 3600 0.690 0.878 0 0 0 0 512 4239 7 0 14076
60980 71693.677 3600 0.377 1.189 0 0 0 0 544 4225 7 0 14076
60980 75293.677 3600 0.583 0.983 0 0 0 0 504 4233 9 0 14076
60980 78893.677 3600 0.708 0.855 0 0 0 0 528 4226 4 0 14076
60980 82493.677 3600 0.515 1.041 0 0 0 0 496 4229 4 0 14076
60980 86093.677 3600 0.577 1.000 0 0 0 0 504 4241 12 0 14076
60981 3293.678 3600 0.564 0.998 0 0 0 0 496 4220 7 0 14076
60981 6893.677 3600 0.549 0.986 0 0 0 0 488 4214 1 0 14076
60981 10493.677 3600 0.496 1.065 0 0 0 0 512 4218 10 0 14076
60981 14093.677 3600 0.425 1.134 0 0 0 0 496 4215 9 0 14076
60981 17693.677 3600 0.451 1.107 0 0 0 0 536 4210 8 0 14076
60981 21293.677 3600 0.620 0.935 0 0 0 0 520 4212 11 0 14076
60981 24893.677 3600 0.600 0.947 0 0 0 0 480 4241 4 0 14076
60981 28493.678 3600 0.550 1.030 0 0 0 0 512 4244 10 0 14076
60981 32093.678 3600 0.609 0.960 0 0 0 0 504 4231 9 0 14076
60981 35693.677 3600 0.700 0.845 0 0 0 0 488 4215 16 0 14076
60981 39293.678 3600 0.533 1.008 0 0 0 0 480 4210 11 0 14076
60981 42893.677 3600 0.636 0.895 0 0 0 0 480 4209 6 0 14076
60981 46493.677 3600 0.620 0.912 0 0 0 0 472 4206 7 0 14076
60981 50093.677 3600 0.582 0.947 0 0 0 0 488 4210 7 0 14076
60981 53693.677 3600 0.583 0.974 0 0 0 0 512 4219 6 0 14076
60981 57293.677 3600 0.417 1.144 0 0 0 0 496 4213 5 0 14076
60981 60893.677 3600 0.557 0.993 0 0 0 0 520 4215 9 0 14076
60981 64493.677 3600 0.329 1.226 0 0 0 0 488 4216 5 0 14076
60981 68093.677 3600 0.486 1.074 0 0 0 0 504 4211 3 0 14076
60981 71693.679 3600 0.577 0.983 0 0 0 0 512 4218 7 0 14076
60981 75293.677 3600 0.560 0.998 0 0 0 0 488 4222 8 0 14076
60981 78893.677 3600 0.452 1.117 0 0 0 0 528 4220 8 0 14076
60981 82493.677 3600 0.623 0.937 0 0 0 0 528 4217 10 0 14076
60981 86093.677 3600 0.690 0.880 0 0 0 0 504 4226 7 0 14076
60982 3293.678 3600 0.671 0.896 0 0 0 0 520 4220 8 0 14076
60982 6893.678 3600 0.573 0.989 0 0 0 0 512 4218 5 0 14076
60982 10493.678 3600 0.752 0.805 0 0 0 0 520 4219 10 0 14076
60982 14093.677 3600 0.730 0.824 0 0 0 0 512 4223 8 0 14076
60982 17693.677 3600 0.778 0.775 0 0 0 0 504 4213 4 0 14076
60982 21293.678 3600 0.645 0.924 0 0 0 0 496 4224 6 0 14076
60982 24893.678 3600 0.455 1.113 0 0 0 0 496 4233 5 0 14076
60982 28493.677 3600 0.793 0.771 0 0 0 0 504 4219 10 0 14076
60982 32093.677 3600 0.687 0.882 0 0 0 0 496 4220 6 0 14076
60982 35693.677 3600 0.545 1.005 0 0 0 0 520 4213 7 0 14076
60982 39293.677 3600 0.735 0.830 0 0 0 0 504 4227 8 0 14076
60982 42893.677 3600 0.448 1.115 0 0 0 0 520 4217 10 0 14076
60982 46493.677 3600 0.698 0.858 0 0 0 0 512 4216 5 0 14076
60982 50093.677 3600 0.368 1.164 0 0 0 0 472 4217 4 0 14076
60982 53693.677 3600 0.620 0.933 0 0 0 0 520 4221 5 0 14076
60982 57293.677 3600 0.602 0.959 0 0 0 0 528 4214 10 0 14076
60982 60893.677 3600 0.689 0.874 0 0 0 0 520 4223 7 0 14076
60982 64493.677 3600 0.512 1.054 0 0 0 0 504 4229 13 0 14076
60982 68093.678 3600 0.544 1.023 0 0 0 0 512 4229 8 0 14076
60982 71693.677 3600 0.720 0.837 0 0 0 0 520 4212 8 0 14076
60982 75293.677 3600 0.577 0.989 0 0 0 0 480 4227 8 0 14076
60982 78893.677 3600 0.411 1.158 0 0 0 0 520 4227 3 0 14076
60982 82493.677 3600 0.625 0.939 0 0 0 0 512 4227 2 0 14076
60982 86093.677 3600 0.497 1.073 0 0 0 0 536 4228 16 0 14076
60983 3293.678 3600 0.674 0.905 0 0 0 0 528 4244 8 0 14076
60983 6893.677 3600 0.385 1.188 0 0 0 0 496 4247 7 0 14076
60983 10493.677 3600 0.611 0.957 0 0 0 0 512 4227 3 0 14076
60983 14093.677 3600 0.419 1.145 0 0 0 0 520 4221 10 0 14076
60983 17693.677 3600 0.603 0.947 0 0 0 0 480 4211 10 0 14076
60983 21293.678 3600 0.656 0.905 0 0 0 0 488 4229 5 0 14076
60983 24893.677 3600 0.463 1.090 0 0 0 0 512 4229 6 0 14076
60983 28493.677 3600 0.675 0.880 0 0 0 0 496 4213 9 0 14076
60983 32093.677 3600 0.562 0.982 0 0 0 0 504 4211 5 0 14076
60983 35693.677 3600 0.776 0.786 0 0 0 0 520 4214 6 0 14076
60983 39293.677 3600 0.563 0.983 0 0 0 0 512 4209 4 0 14076
60983 42893.677 3600 0.536 1.010 0 0 0 0 496 4214 7 0 14076
60983 46493.677 3600 0.560 0.979 0 0 0 0 472 4208 6 0 14076
60983 50093.677 3600 0.439 1.109 0 0 0 0 504 4228 3 0 14076
60983 53693.677 3600 0.551 0.993 0 0 0 0 496 4226 3 0 14076
60983 57293.677 3600 0.419 1.147 0 0 0 0 528 4220 9 0 14076
60983 60893.677 3600 0.277 1.287 0 0 0 0 520 4218 10 0 14076
60983 64493.677 3600 0.572 0.971 0 0 0 0 496 4207 6 0 14076
60983 68093.677 3600 0.630 0.935 0 0 0 0 520 4215 5 0 14076
60983 71693.677 3600 0.582 0.984 0 0 0 0 528 4218 7 0 14076
60983 75293.677 3600 0.705 0.856 0 0 0 0 512 4215 6 0 14076
60983 78893.677 3600 0.583 0.985 0 0 0 0 528 4215 10 0 14076
60983 82493.677 3600 0.426 1.143 0 0 0 0 528 4224 5 0 14076
60983 86093.677 3600 0.651 0.911 0 0 0 0 512 4216 5 0 14076
60984 3293.678 3600 0.455 1.105 0 0 0 0 504 4220 9 0 14076
60984 6893.677 3600 0.829 0.732 0 0 0 0 504 4216 9 0 14076
60984 10493.677 3600 0.626 0.943 0 0 0 0 528 4223 7 0 14076
60984 14093.677 3600 0.532 1.033 0 0 0 0 480 4228 14 0 14076
60984 17693.677 3600 0.474 1.082 0 0 0 0 496 4215 9 0 14076
60984 21293.677 3600 0.542 0.995 0 0 0 0 480 4212 11 0 14076
60984 24893.677 3600 0.644 0.918 0 0 0 0 520 4215 11 0 14076
60984 28493.677 3600 0.458 1.101 0 0 0 0 504 4215 9 0 14076
60984 32093.677 3600 0.672 0.891 0 0 0 0 520 4213 10 0 14076
60984 35693.677 3600 0.602 0.950 0 0 0 0 504 4208 10 0 14076
60984 39293.678 3600 0.559 0.983 0 0 0 0 496 4212 10 0 14076
60984 42893.677 3600 0.350 1.199 0 0 0 0 504 4193 5 0 14076
60984 46493.677 3600 0.623 0.951 0 0 0 0 512 4224 8 0 14076
60984 50093.677 3600 0.494 1.074 0 0 0 0 512 4224 9 0 14076
60984 53693.677 3600 0.431 1.144 0 0 0 0 528 4233 5 0 14076
60984 57293.677 3600 0.476 1.101 0 0 0 0 504 4241 9 0 14076
60984 60893.677 3600 0.578 0.994 0 0 0 0 520 4232 4 0 14076
60984 64493.677 3600 0.719 0.849 0 0 0 0 480 4235 14 0 14076
60984 68093.677 3600 0.497 1.077 0 0 0 0 520 4232 5 0 14076
60984 71693.677 3600 0.649 0.909 0 0 0 0 496 4241 5 0 14076
60984 75293.677 3600 0.557 1.018 0 0 0 0 528 4243 7 0 14076
60984 78893.677 3600 0.526 1.051 0 0 0 0 504 4242 5 0 14076
60984 82493.677 3600 0.592 0.986 0 0 0 0 480 4246 9 0 14076
60984 86093.677 3600 0.443 1.136 0 0 0 0 528 4241 8 0 14076
60985 3293.678 3600 0.617 0.961 0 0 0 0 512 4248 4 0 14076
60985 6893.678 3600 0.515 1.068 0 0 0 0 496 4254 14 0 14076
60985 10493.678 3600 0.483 1.112 0 0 0 0 520 4269 6 0 14076
60985 14093.677 3600 0.668 0.936 0 0 0 0 520 4285 7 0 14076
60985 17693.677 3600 0.459 1.143 0 0 0 0 512 4278 11 0 14076
60985 21293.677 3600 0.510 1.106 0 0 0 0 520 4312 8 0 14076
60985 24893.677 3600 0.755 0.822 0 0 0 0 520 4245 8 0 14076
60985 28493.677 3600 0.407 1.152 0 0 0 0 496 4227 8 0 14076
60985 32093.677 3600 0.723 0.831 0 0 0 0 528 4217 8 0 14076
60985 35693.678 3600 0.422 1.136 0 0 0 0 528 4219 5 0 14076
60985 39293.677 3600 0.450 1.094 0 0 0 0 512 4210 3 0 14076
60985 42893.677 3600 0.620 0.939 0 0 0 0 520 4212 9 0 14076
60985 46493.677 3600 0.530 1.037 0 0 0 0 520 4221 8 0 14076
60985 50093.677 3600 0.755 0.806 0 0 0 0 504 4215 5 0 14076
60985 53693.677 3600 0.663 0.911 0 0 0 0 520 4231 3 0 14076
60985 57293.677 3600 0.446 1.126 0 0 0 0 520 4225 5 0 14076
60985 60893.677 3600 0.628 0.950 0 0 0 0 520 4247 6 0 14076
60985 64493.678 3600 0.648 0.913 0 0 0 0 528 4219 4 0 14076
60985 68093.677 3600 0.428 1.140 0 0 0 0 512 4218 5 0 14076
60985 71693.677 3600 0.651 0.907 0 0 0 0 528 4220 13 0 14076
60985 75293.677 3600 0.681 0.856 0 0 0 0 480 4203 7 0 14076
60985 78893.677 3600 0.594 0.959 0 0 0 0 512 4213 7 0 14076
60985 82493.678 3600 0.664 0.897 0 0 0 0 504 4213 9 0 14076
60985 86093.678 3600 0.553 1.005 0 0 0 0 520 4218 13 0 14076
60986 3293.678 3600 0.340 1.223 0 0 0 0 520 4211 13 0 14076
60986 6893.677 3600 0.545 1.012 0 0 0 0 504 4213 13 0 14076
60986 10493.677 3600 0.576 0.991 0 0 0 0 496 4223 8 0 14076
60986 14093.677 3600 0.692 0.871 0 0 0 0 528 4215 4 0 14076
60986 17693.678 3600 0.424 1.134 0 0 0 0 520 4216 5 0 14076
60986 21293.677 3600 0.491 1.069 0 0 0 0 520 4225 3 0 14076
60986 24893.677 3600 0.653 0.911 0 0 0 0 512 4219 7 0 14076
60986 28493.677 3600 0.712 0.843 0 0 0 0 512 4213 5 0 14076
60986 32093.677 3600 0.545 0.996 0 0 0 0 480 4219 7 0 14076
60986 35693.677 3600 0.595 0.962 0 0 0 0 512 4216 5 0 14076
60986 39293.677 3600 0.430 1.129 0 0 0 0 520 4213 5 0 14076
60986 42893.677 3600 0.634 0.926 0 0 0 0 504 4219 15 0 14076
60986 46493.677 3600 0.439 1.123 0 0 0 0 512 4214 8 0 14076
60986 50093.677 3600 0.456 1.099 0 0 0 0 520 4213 5 0 14076
60986 53693.677 3600 0.530 1.043 0 0 0 0 512 4223 7 0 14076
60986 57293.677 3600 0.618 0.940 0 0 0 0 488 4216 9 0 14076
60986 60893.677 3600 0.696 0.850 0 0 0 0 488 4214 7 0 14076
60986 64493.677 3600 0.842 0.705 0 0 0 0 488 4213 6 0 14076
60986 68093.677 3600 0.512 1.055 0 0 0 0 520 4219 5 0 14076
60986 71693.677 3600 0.506 1.047 0 0 0 0 504 4206 4 0 14076
60986 75293.677 3600 0.472 1.095 0 0 0 0 528 4221 4 0 14076
60986 78893.677 3600 0.242 1.322 0 0 0 0 504 4221 11 0 14076
60986 82493.677 3600 0.497 1.064 0 0 0 0 496 4216 7 0 14076
60986 86093.677 3600 0.725 0.845 0 0 0 0 512 4218 5 0 14076
60987 3293.678 3600 0.599 0.971 0 0 0 0 504 4219 7 0 14076
60987 6893.678 3600 0.587 0.982 0 0 0 0 512 4215 11 0 14076
60987 10493.677 3600 0.605 0.960 0 0 0 0 512 4218 6 0 14076
60987 14093.677 3600 0.674 0.895 0 0 0 0 504 4233 4 0 14076
60987 17693.677 3600 0.608 0.956 0 0 0 0 520 4228 7 0 14076
60987 21293.678 3600 0.388 1.160 0 0 0 0 496 4215 4 0 14076
60987 24893.677 3600 0.564 0.979 0 0 0 0 496 4211 6 0 14076
60987 28493.677 3600 0.634 0.925 0 0 0 0 512 4219 4 0 14076
60987 32093.677 3600 0.764 0.814 0 0 0 0 520 4234 17 0 14076
60987 35693.677 3600 0.597 0.969 0 0 0 0 496 4226 9 0 14076
60987 39293.677 3600 0.638 0.922 0 0 0 0 512 4224 6 0 14076
60987 42893.677 3600 0.434 1.132 0 0 0 0 504 4224 11 0 14076
60987 46493.677 3600 0.735 0.839 0 0 0 0 520 4221 9 0 14076
60987 50093.677 3600 0.601 0.975 0 0 0 0 520 4240 9 0 14076
60987 53693.677 3600 0.596 0.978 0 0 0 0 512 4227 5 0 14076
60987 57293.677 3600 0.557 1.010 0 0 0 0 488 4224 8 0 14076
60987 60893.677 3600 0.527 1.043 0 0 0 0 528 4222 9 0 14076
60987 64493.678 3600 0.598 0.972 0 0 0 0 520 4219 5 0 14076
60987 68093.677 3600 0.644 0.903 0 0 0 0 496 4208 8 0 14076
60987 71693.678 3600 0.649 0.919 0 0 0 0 488 4222 10 0 14076
60987 75293.678 3600 0.586 0.955 0 0 0 0 480 4221 3 0 14076
60987 78893.677 3600 0.548 0.997 0 0 0 0 472 4217 8 0 14076
60987 82493.677 3600 0.522 1.039 0 0 0 0 488 4239 3 0 14076
60987 86093.677 3600 0.568 0.997 0 0 0 0 496 4246 10 0 14076
60988 3293.678 3600 0.355 1.237 0 0 0 0 520 4260 5 0 14076
60988 6893.677 3600 0.445 1.124 0 0 0 0 520 4231 7 0 14076
60988 10493.677 3600 0.583 0.982 0 0 0 0 520 4222 9 0 14076
60988 14093.677 3600 0.651 0.914 0 0 0 0 496 4231 10 0 14076
60988 17693.677 3600 0.585 0.955 0 0 0 0 488 4220 7 0 14076
60988 21293.677 3600 0.368 1.181 0 0 0 0 488 4222 10 0 14076
60988 24893.677 3600 0.452 1.106 0 0 0 0 488 4227 5 0 14076
60988 28493.677 3600 0.564 1.003 0 0 0 0 504 4256 7 0 14076
60988 32093.678 3600 0.564 1.033 0 0 0 0 520 4278 6 0 14076
60988 35693.678 3600 0.488 1.091 0 0 0 0 512 4252 7 0 14076
60988 39293.677 3600 0.401 1.192 0 0 0 0 520 4265 10 0 14076
60988 42893.677 3600 0.630 0.954 0 0 0 0 512 4251 8 0 14076
60988 46493.677 3600 0.573 1.001 0 0 0 0 520 4233 7 0 14076
60988 50093.677 3600 0.566 0.999 0 0 0 0 496 4247 9 0 14076
60988 53693.677 3600 0.634 0.921 0 0 0 0 504 4235 4 0 14076
60988 57293.677 3600 0.444 1.128 0 0 0 0 488 4244 6 0 14076
60988 60893.677 3600 0.391 1.182 0 0 0 0 512 4235 14 0 14076
60988 64493.677 3600 0.511 1.051 0 0 0 0 488 4243 6 0 14076
60988 68093.677 3600 0.643 0.944 0 0 0 0 528 4265 6 0 14076
60988 71693.677 3600 0.586 0.992 0 0 0 0 504 4245 2 0 14076
60988 75293.677 3600 0.472 1.095 0 0 0 0 512 4220 4 0 14076
60988 78893.677 3600 0.508 1.048 0 0 0 0 496 4218 9 0 14076
60988 82493.679 3600 0.569 0.998 0 0 0 0 536 4221 10 0 14076
60988 86093.677 3600 0.428 1.139 0 0 0 0 512 4220 9 0 14076
60989 3293.678 3600 0.651 0.917 0 0 0 0 504 4218 9 0 14076
60989 6893.678 3600 0.594 0.974 0 0 0 0 512 4223 11 0 14076
60989 10493.678 3600 0.386 1.180 0 0 0 0 504 4210 8 0 14076
60989 14093.677 3600 0.633 0.924 0 0 0 0 496 4211 8 0 14076
60989 17693.678 3600 0.727 0.828 0 0 0 0 520 4213 11 0 14076
60989 21293.677 3600 0.392 1.159 0 0 0 0 504 4209 6 0 14076
60989 24893.678 3600 0.565 0.995 0 0 0 0 520 4211 8 0 14076
60989 28493.677 3600 0.539 1.034 0 0 0 0 512 4217 8 0 14076
60989 32093.677 3600 0.565 0.996 0 0 0 0 520 4213 10 0 14076
60989 35693.677 3600 0.701 0.860 0 0 0 0 512 4213 4 0 14076
60989 39293.677 3600 0.465 1.105 0 0 0 0 512 4226 10 0 14076
60989 42893.677 3600 0.639 0.941 0 0 0 0 512 4245 11 0 14076
60989 46493.677 3600 0.275 1.302 0 0 0 0 528 4242 9 0 14076
60989 50093.677 3600 0.494 1.072 0 0 0 0 520 4230 8 0 14076
60989 53693.677 3600 0.567 1.007 0 0 0 0 536 4232 3 0 14076
60989 57293.677 3600 0.732 0.842 0 0 0 0 504 4231 9 0 14076
60989 60893.677 3600 0.378 1.189 0 0 0 0 504 4233 10 0 14076
60989 64493.677 3600 0.415 1.167 0 0 0 0 528 4244 4 0 14076
60989 68093.677 3600 0.353 1.235 0 0 0 0 528 4246 7 0 14076
60989 71693.677 3600 0.403 1.181 0 0 0 0 512 4256 5 0 14076
60989 75293.677 3600 0.526 1.050 0 0 0 0 488 4232 14 0 14076
60989 78893.677 3600 0.671 0.887 0 0 0 0 488 4223 4 0 14076
60989 82493.677 3600 0.641 0.939 0 0 0 0 528 4238 14 0 14076
60989 86093.677 3600 0.460 1.127 0 0 0 0 520 4260 8 0 14076
60990 3293.678 3600 0.633 0.959 0 0 0 0 536 4259 8 0 14076
60990 6893.677 3600 0.539 1.033 0 0 0 0 528 4233 5 0 14076
60990 10493.677 3600 0.631 0.957 0 0 0 0 504 4263 7 0 14076
60990 14093.677 3600 0.526 1.046 0 0 0 0 512 4232 6 0 14076
60990 17693.677 3600 0.534 1.027 0 0 0 0 544 4218 9 0 14076
60990 21293.677 3600 0.645 0.914 0 0 0 0 520 4214 7 0 14076
60990 24893.677 3600 0.290 1.271 0 0 0 0 536 4217 11 0 14076
60990 28493.677 3600 0.517 1.040 0 0 0 0 504 4208 8 0 14076
60990 32093.677 3600 0.645 0.915 0 0 0 0 512 4221 5 0 14076
60990 35693.677 3600 0.657 0.900 0 0 0 0 520 4213 12 0 14076
60990 39293.677 3600 0.684 0.868 0 0 0 0 520 4211 8 0 14076
60990 42893.677 3600 0.431 1.127 0 0 0 0 520 4216 4 0 14076
60990 46493.677 3600 0.642 0.915 0 0 0 0 520 4219 12 0 14076
60990 50093.677 3600 0.585 0.968 0 0 0 0 504 4214 12 0 14076
60990 53693.677 3600 0.626 0.919 0 0 0 0 504 4217 5 0 14076
60990 57293.677 3600 0.682 0.871 0 0 0 0 520 4210 7 0 14076
60990 60893.677 3600 0.589 0.973 0 0 0 0 520 4220 5 0 14076
60990 64493.677 3600 0.391 1.147 0 0 0 0 472 4208 10 0 14076
60990 68093.678 3600 0.658 0.902 0 0 0 0 528 4211 8 0 14076
60990 71693.677 3600 0.485 1.073 0 0 0 0 512 4217 8 0 14076
60990 75293.677 3600 0.575 0.987 0 0 0 0 496 4222 11 0 14076
60990 78893.677 3600 0.447 1.116 0 0 0 0 512 4215 11 0 14076
60990 82493.677 3600 0.545 1.020 0 0 0 0 496 4224 8 0 14076
60990 86093.678 3600 0.586 0.976 0 0 0 0 528 4211 9 0 14076
60991 3293.678 3600 0.540 1.007 0 0 0 0 480 4212 7 0 14076
60991 6893.677 3600 0.603 0.958 0 0 0 0 520 4216 7 0 14076
60991 10493.678 3600 0.688 0.870 0 0 0 0 504 4217 3 0 14076
60991 14093.677 3600 0.475 1.089 0 0 0 0 496 4222 10 0 14076
60991 17693.677 3600 0.736 0.814 0 0 0 0 488 4211 2 0 14076
60991 21293.677 3600 0.511 1.043 0 0 0 0 504 4212 5 0 14076
60991 24893.677 3600 0.487 1.078 0 0 0 0 536 4213 10 0 14076
60991 28493.677 3600 0.672 0.890 0 0 0 0 496 4213 7 0 14076
60991 32093.677 3600 0.488 1.076 0 0 0 0 520 4208 12 0 14076
60991 35693.677 3600 0.382 1.166 0 0 0 0 512 4209 8 0 14076
60991 39293.678 3600 0.555 1.004 0 0 0 0 512 4213 7 0 14076
60991 42893.678 3600 0.619 0.950 0 0 0 0 512 4219 11 0 14076
60991 46493.677 3600 0.616 0.923 0 0 0 0 488 4205 9 0 14076
60991 50093.677 3600 0.644 0.916 0 0 0 0 496 4224 7 0 14076
60991 53693.677 3600 0.611 0.943 0 0 0 0 512 4210 5 0 14076
60991 57293.678 3600 0.397 1.158 0 0 0 0 520 4215 6 0 14076
60991 60893.677 3600 0.417 1.154 0 0 0 0 512 4230 8 0 14076
60991 64493.678 3600 0.228 1.339 0 0 0 0 536 4223 12 0 14076
60991 68093.677 3600 0.577 0.970 0 0 0 0 488 4223 2 0 14076
60991 71693.677 3600 0.432 1.144 0 0 0 0 528 4232 6 0 14076
60991 75293.677 3600 0.483 1.076 0 0 0 0 520 4212 10 0 14076
60991 78893.677 3600 0.535 1.022 0 0 0 0 504 4222 4 0 14076
60991 82493.677 3600 0.752 0.799 0 0 0 0 512 4215 10 0 14076
60991 86093.677 3600 0.371 1.193 0 0 0 0 504 4224 6 0 14076
60992 3293.678 3600 0.544 1.027 0 0 0 0 504 4217 13 0 14076
60992 6893.677 3600 0.337 1.219 0 0 0 0 496 4216 10 0 14076
60992 10493.677 3600 0.428 1.135 0 0 0 0 520 4218 8 0 14076
60992 14093.677 3600 0.583 0.972 0 0 0 0 504 4216 7 0 14076
60992 17693.677 3600 0.810 0.745 0 0 0 0 496 4217 7 0 14076
60992 21293.677 3600 0.524 1.027 0 0 0 0 504 4206 3 0 14076
60992 24893.677 3600 0.503 1.031 0 0 0 0 480 4206 5 0 14076
60992 28493.677 3600 0.485 1.043 0 0 0 0 480 4206 6 0 14076
60992 32093.677 3600 0.607 0.937 0 0 0 0 496 4215 9 0 14076
60992 35693.677 3600 0.613 0.948 0 0 0 0 528 4208 6 0 14076
60992 39293.677 3600 0.524 1.029 0 0 0 0 504 4209 5 0 14076
60992 42893.677 3600 0.349 1.205 0 0 0 0 504 4213 5 0 14076
60992 46493.677 3600 0.501 1.040 0 0 0 0 496 4204 8 0 14076
60992 50093.677 3600 0.355 1.211 0 0 0 0 528 4216 12 0 14076
60992 53693.677 3600 0.540 1.023 0 0 0 0 536 4213 4 0 14076
60992 57293.677 3600 0.367 1.195 0 0 0 0 512 4216 9 0 14076
60992 60893.678 3600 0.533 1.013 0 0 0 0 496 4212 10 0 14076
60992 64493.678 3600 0.506 1.048 0 0 0 0 504 4211 11 0 14076
60992 68093.677 3600 0.655 0.875 0 0 0 0 472 4201 6 0 14076
60992 71693.677 3600 0.443 1.087 0 0 0 0 480 4204 15 0 14076
60992 75293.677 3600 0.612 0.945 0 0 0 0 504 4214 6 0 14076
60992 78893.677 3600 0.606 0.943 0 0 0 0 520 4209 6 0 14076
60992 82493.678 3600 0.427 1.138 0 0 0 0 512 4222 8 0 14076
60992 86093.677 3600 0.438 1.122 0 0 0 0 512 4217 7 0 14076
60993 3293.678 3600 0.453 1.111 0 0 0 0 488 4218 4 0 14076
60993 6893.677 3600 0.482 1.079 0 0 0 0 488 4217 8 0 14076
60993 10493.677 3600 0.528 1.039 0 0 0 0 512 4217 8 0 14076
60993 14093.677 3600 0.511 1.049 0 0 0 0 504 4202 8 0 14076
60993 17693.678 3600 0.297 1.272 0 0 0 0 504 4219 11 0 14076
60993 21293.678 3600 0.545 0.993 0 0 0 0 488 4209 13 0 14076
60993 24893.677 3600 0.691 0.853 0 0 0 0 496 4219 4 0 14076
60993 28493.677 3600 0.482 1.085 0 0 0 0 504 4221 6 0 14076
60993 32093.677 3600 0.548 0.997 0 0 0 0 496 4219 7 0 14076
60993 35693.677 3600 0.516 1.057 0 0 0 0 512 4228 4 0 14076
60993 39293.677 3600 0.715 0.851 0 0 0 0 504 4220 7 0 14076
60993 42893.677 3600 0.637 0.918 0 0 0 0 472 4238 6 0 14076
60993 46493.678 3600 0.568 0.995 0 0 0 0 488 4239 12 0 14076
60993 50093.677 3600 0.661 0.916 0 0 0 0 512 4234 9 0 14076
60993 53693.677 3600 0.753 0.838 0 0 0 0 528 4254 7 0 14076
60993 57293.677 3600 0.476 1.112 0 0 0 0 488 4258 5 0 14076
60993 60893.677 3600 0.524 1.074 0 0 0 0 504 4266 9 0 14076
60993 64493.677 3600 0.512 1.056 0 0 0 0 520 4236 9 0 14076
60993 68093.677 3600 0.555 1.011 0 0 0 0 528 4230 5 0 14076
60993 71693.677 3600 0.523 1.036 0 0 0 0 496 4218 5 0 14076
60993 75293.677 3600 0.529 1.006 0 0 0 0 480 4208 6 0 14076
60993 78893.677 3600 0.477 1.073 0 0 0 0 496 4218 7 0 14076
60993 82493.677 3600 0.540 1.025 0 0 0 0 528 4212 11 0 14076
60993 86093.677 3600 0.408 1.153 0 0 0 0 504 4220 9 0 14076
60994 3293.678 3600 0.523 1.037 0 0 0 0 504 4217 11 0 14076
60994 6893.677 3600 0.596 0.965 0 0 0 0 520 4217 6 0 14076
60994 10493.677 3600 0.498 1.068 0 0 0 0 504 4226 7 0 14076
60994 14093.677 3600 0.539 1.023 0 0 0 0 488 4220 10 0 14076
60994 17693.677 3600 0.496 1.066 0 0 0 0 488 4227 10 0 14076
60994 21293.677 3600 0.617 0.960 0 0 0 0 528 4236 6 0 14076
60994 24893.677 3600 0.455 1.116 0 0 0 0 528 4231 9 0 14076
60994 28493.677 3600 0.631 0.944 0 0 0 0 504 4233 9 0 14076
60994 32093.677 3600 0.680 0.870 0 0 0 0 480 4222 10 0 14076
60994 35693.677 3600 0.429 1.115 0 0 0 0 472 4229 4 0 14076
60994 39293.677 3600 0.713 0.849 0 0 0 0 488 4239 11 0 14076
60994 42893.677 3600 0.303 1.252 0 0 0 0 488 4229 5 0 14076
60994 46493.678 3600 0.466 1.098 0 0 0 0 480 4230 4 0 14076
60994 50093.677 3600 0.687 0.882 0 0 0 0 504 4237 13 0 14076
60994 53693.678 3600 0.725 0.832 0 0 0 0 496 4220 3 0 14076
60994 57293.677 3600 0.362 1.197 0 0 0 0 512 4207 16 0 14076
60994 60893.678 3600 0.424 1.145 0 0 0 0 496 4218 8 0 14076
60994 64493.677 3600 0.663 0.884 0 0 0 0 472 4215 8 0 14076
60994 68093.677 3600 0.463 1.095 0 0 0 0 488 4240 9 0 14076
60994 71693.677 3600 0.516 1.065 0 0 0 0 496 4244 9 0 14076
60994 75293.677 3600 0.361 1.235 0 0 0 0 496 4266 7 0 14076
60994 78893.677 3600 0.609 0.986 0 0 0 0 504 4264 6 0 14076
60994 82493.677 3600 0.551 1.045 0 0 0 0 520 4268 10 0 14076
60994 86093.677 3600 0.384 1.197 0 0 0 0 504 4243 10 0 14076
60995 3293.678 3600 0.417 1.173 0 0 0 0 520 4256 11 0 14076
60995 6893.677 3600 0.709 0.880 0 0 0 0 504 4250 9 0 14076
60995 10493.677 3600 0.632 0.948 0 0 0 0 504 4236 5 0 14076
60995 14093.678 3600 0.469 1.105 0 0 0 0 512 4229 13 0 14076
60995 17693.677 3600 0.613 0.956 0 0 0 0 496 4229 8 0 14076
60995 21293.677 3600 0.450 1.115 0 0 0 0 504 4228 11 0 14076
60995 24893.677 3600 0.567 0.997 0 0 0 0 536 4213 5 0 14076
60995 28493.677 3600 0.696 0.897 0 0 0 0 528 4252 12 0 14076
60995 32093.677 3600 0.368 1.211 0 0 0 0 496 4248 8 0 14076
60995 35693.677 3600 0.341 1.245 0 0 0 0 528 4251 6 0 14076
60995 39293.677 3600 0.625 0.975 0 0 0 0 536 4269 4 0 14076
60995 42893.677 3600 0.402 1.190 0 0 0 0 512 4265 7 0 14076
60995 46493.677 3600 0.508 1.092 0 0 0 0 496 4274 8 0 14076
60995 50093.677 3600 0.664 0.923 0 0 0 0 496 4259 6 0 14076
60995 53693.677 3600 0.572 1.005 0 0 0 0 504 4248 9 0 14076
60995 57293.678 3600 0.592 0.999 0 0 0 0 512 4241 7 0 14076
60995 60893.677 3600 0.844 0.789 0 0 0 0 520 4324 15 0 14076
60995 64493.677 3600 0.375 1.224 0 0 0 0 504 4275 4 0 14076
60995 68093.677 3600 0.495 1.110 0 0 0 0 512 4274 8 0 14076
60995 71693.677 3600 0.421 1.146 0 0 0 0 488 4247 11 0 14076
60995 75293.677 3600 0.512 1.064 0 0 0 0 512 4235 6 0 14076
60995 78893.677 3600 0.340 1.246 0 0 0 0 520 4247 7 0 14076
60995 82493.677 3600 0.783 0.808 0 0 0 0 520 4255 4 0 14076
60995 86093.677 3600 0.484 1.095 0 0 0 0 488 4239 7 0 14076
60996 3293.678 3600 0.460 1.131 0 0 0 0 536 4257 7 0 14076
60996 6893.678 3600 0.408 1.167 0 0 0 0 504 4234 15 0 14076
60996 10493.678 3600 0.643 0.928 0 0 0 0 520 4235 4 0 14076
60996 14093.678 3600 0.566 1.000 0 0 0 0 496 4232 4 0 14076
60996 17693.678 3600 0.464 1.104 0 0 0 0 504 4224 11 0 14076
60996 21293.677 3600 0.568 1.002 0 0 0 0 488 4232 10 0 14076
60996 24893.677 3600 0.523 1.046 0 0 0 0 544 4231 7 0 14076
60996 28493.677 3600 0.596 0.969 0 0 0 0 512 4225 7 0 14076
60996 32093.677 3600 0.431 1.129 0 0 0 0 520 4214 14 0 14076
60996 35693.678 3600 0.524 1.011 0 0 0 0 472 4214 9 0 14076
60996 39293.677 3600 0.491 1.070 0 0 0 0 512 4231 4 0 14076
60996 42893.677 3600 0.711 0.847 0 0 0 0 488 4230 15 0 14076
60996 46493.677 3600 0.602 0.942 0 0 0 0 472 4220 7 0 14076
60996 50093.677 3600 0.456 1.093 0 0 0 0 496 4224 12 0 14076
60996 53693.678 3600 0.502 1.047 0 0 0 0 480 4233 8 0 14076
60996 57293.677 3600 0.274 1.296 0 0 0 0 512 4251 7 0 14076
60996 60893.677 3600 0.498 1.084 0 0 0 0 512 4253 6 0 14076
60996 64493.677 3600 0.265 1.322 0 0 0 0 520 4255 12 0 14076
60996 68093.677 3600 0.961 0.629 0 0 0 0 528 4254 9 0 14076
60996 71693.678 3600 0.397 1.188 0 0 0 0 496 4250 7 0 14076
60996 75293.677 3600 0.622 0.937 0 0 0 0 504 4220 3 0 14076
60996 78893.678 3600 0.610 0.956 0 0 0 0 496 4219 13 0 14076
60996 82493.677 3600 0.393 1.183 0 0 0 0 512 4231 6 0 14076
60996 86093.677 3600 0.613 0.956 0 0 0 0 512 4215 10 0 14076
60997 3293.678 3600 0.745 0.825 0 0 0 0 504 4227 10 0 14076
60997 6893.677 3600 0.434 1.135 0 0 0 0 496 4220 8 0 14076
60997 10493.677 3600 0.762 0.813 0 0 0 0 504 4218 7 0 14076
60997 14093.677 3600 0.631 0.947 0 0 0 0 504 4231 9 0 14076
60997 17693.677 3600 0.405 1.164 0 0 0 0 520 4220 11 0 14076
60997 21293.677 3600 0.529 1.014 0 0 0 0 480 4206 8 0 14076
60997 24893.677 3600 0.690 0.852 0 0 0 0 480 4212 9 0 14076
60997 28493.677 3600 0.525 1.013 0 0 0 0 480 4206 7 0 14076
60997 32093.677 3600 0.414 1.141 0 0 0 0 504 4216 11 0 14076
60997 35693.677 3600 0.518 1.039 0 0 0 0 488 4214 4 0 14076
60997 39293.677 3600 0.664 0.892 0 0 0 0 512 4217 10 0 14076
60997 42893.677 3600 0.577 0.983 0 0 0 0 536 4193 3 0 14076
60997 46493.677 3600 0.640 0.927 0 0 0 0 536 4202 7 0 14076
60997 50093.677 3600 0.716 0.856 0 0 0 0 504 4228 6 0 14076
60997 53693.678 3600 0.487 1.102 0 0 0 0 552 4244 5 0 14076
60997 57293.678 3600 0.627 0.944 0 0 0 0 520 4228 5 0 14076
60997 60893.677 3600 0.448 1.120 0 0 0 0 520 4227 7 0 14076
60997 64493.677 3600 0.478 1.090 0 0 0 0 528 4217 6 0 14076
60997 68093.677 3600 0.104 1.452 0 0 0 0 512 4222 5 0 14076
60997 71693.677 3600 0.328 1.239 0 0 0 0 520 4224 5 0 14076
60997 75293.677 3600 0.605 0.953 0 0 0 0 512 4212 10 0 14076
60997 78893.677 3600 0.459 1.099 0 0 0 0 496 4209 12 0 14076
60997 82493.677 3600 0.466 1.072 0 0 0 0 488 4209 6 0 14076
60997 86093.677 3600 0.581 0.988 0 0 0 0 480 4215 9 0 14076
60998 3293.678 3600 0.382 1.170 0 0 0 0 496 4203 5 0 14076
60998 6893.677 3600 0.425 1.126 0 0 0 0 504 4207 5 0 14076
60998 10493.677 3600 0.387 1.181 0 0 0 0 512 4216 9 0 14076
60998 14093.678 3600 0.299 1.232 0 0 0 0 472 4200 6 0 14076
60998 17693.677 3600 0.487 1.072 0 0 0 0 520 4212 9 0 14076
60998 21293.677 3600 0.400 1.168 0 0 0 0 496 4216 7 0 14076
60998 24893.677 3600 0.567 1.003 0 0 0 0 520 4218 5 0 14076
60998 28493.677 3600 0.684 0.883 0 0 0 0 488 4225 9 0 14076
60998 32093.677 3600 0.694 0.820 0 0 0 0 520 4120 4 0 14076
60998 35693.677 3600 0.637 0.850 0 0 0 0 520 4113 12 0 14076
60998 39293.678 3600 0.524 0.980 0 0 0 0 520 4137 9 0 14076
60998 42893.678 3600 0.456 1.101 0 0 0 0 496 4206 6 0 14076
60998 46493.677 3600 0.456 1.092 0 0 0 0 496 4215 8 0 14076
60998 50093.677 3600 0.552 0.981 0 0 0 0 472 4208 12 0 14076
60998 53693.677 3600 0.160 1.399 0 0 0 0 520 4223 8 0 14076
60998 57293.677 3600 0.602 0.977 0 0 0 0 488 4253 7 0 14076
60998 60893.677 3600 0.605 0.974 0 0 0 0 520 4232 12 0 14076
60998 64493.677 3600 0.533 1.034 0 0 0 0 504 4228 8 0 14076
60998 68093.677 3600 0.504 1.061 0 0 0 0 544 4219 6 0 14076
60998 71693.677 3600 0.447 1.140 0 0 0 0 488 4259 7 0 14076
60998 75293.677 3600 0.689 0.870 0 0 0 0 464 4236 13 0 14076
60998 78893.677 3600 0.548 0.996 0 0 0 0 480 4225 4 0 14076
60998 82493.677 3600 0.718 0.848 0 0 0 0 504 4226 7 0 14076
60998 86093.678 3600 0.718 0.826 0 0 0 0 480 4208 10 0 14076
60999 3293.678 3600 0.404 1.136 0 0 0 0 488 4211 11 0 14076
60999 6893.678 3600 0.490 1.078 0 0 0 0 504 4210 7 0 14076
60999 10493.678 3600 0.510 1.035 0 0 0 0 488 4206 7 0 14076
60999 14093.677 3600 0.687 0.893 0 0 0 0 512 4222 16 0 14076
60999 17693.678 3600 0.669 0.900 0 0 0 0 504 4220 6 0 14076
60999 21293.678 3600 0.443 1.121 0 0 0 0 512 4212 9 0 14076
60999 24893.677 3600 0.576 0.982 0 0 0 0 512 4223 11 0 14076
60999 28493.678 3600 0.400 1.166 0 0 0 0 520 4214 8 0 14076
60999 32093.678 3600 0.771 0.793 0 0 0 0 504 4215 7 0 14076
60999 35693.677 3600 0.606 0.958 0 0 0 0 520 4214 14 0 14076
60999 39293.677 3600 0.687 0.879 0 0 0 0 528 4219 9 0 14076
60999 42893.677 3600 0.553 1.018 0 0 0 0 488 4232 12 0 14076
60999 46493.677 3600 0.577 1.015 0 0 0 0 520 4262 9 0 14076
60999 50093.677 3600 0.442 1.147 0 0 0 0 512 4260 10 0 14076
60999 53693.677 3600 0.746 0.824 0 0 0 0 504 4240 8 0 14076
60999 57293.677 3600 0.451 1.125 0 0 0 0 488 4248 9 0 14076
60999 60893.678 3600 0.492 1.079 0 0 0 0 528 4225 11 0 14076
60999 64493.677 3600 0.344 1.220 0 0 0 0 512 4223 9 0 14076
60999 68093.677 3600 0.728 0.837 0 0 0 0 528 4218 4 0 14076
60999 71693.677 3600 0.461 1.106 0 0 0 0 512 4220 5 0 14076
60999 75293.678 3600 0.609 0.949 0 0 0 0 512 4215 8 0 14076
60999 78893.677 3600 0.801 0.754 0 0 0 0 504 4208 8 0 14076
60999 82493.678 3600 0.659 0.906 0 0 0 0 512 4216 5 0 14076
60999 86093.678 3600 0.523 1.036 0 0 0 0 504 4209 11 0 14076
61000 3293.678 3600 0.539 1.031 0 0 0 0 496 4214 13 0 14076
61000 6893.677 3600 0.371 1.198 0 0 0 0 504 4216 13 0 14076
61000 10493.677 3600 0.703 0.868 0 0 0 0 512 4218 11 0 14076
61000 14093.677 3600 0.915 0.654 0 0 0 0 496 4224 10 0 14076
61000 17693.677 3600 0.433 1.127 0 0 0 0 496 4216 11 0 14076
61000 21293.677 3600 0.706 0.833 0 0 0 0 480 4211 6 0 14076
61000 24893.677 3600 1.151 0.405 0 0 0 0 536 4212 8 0 14076
61000 28493.677 3600 0.507 1.056 0 0 0 0 496 4220 11 0 14076
61000 32093.677 3600 0.549 1.011 0 0 0 0 504 4221 10 0 14076
61000 35693.678 3600 0.173 1.386 0 0 0 0 504 4205 7 0 14076
61000 39293.677 3600 0.385 1.178 0 0 0 0 520 4220 9 0 14076
61000 42893.677 3600 0.478 1.091 0 0 0 0 536 4216 10 0 14076
61000 46493.677 3600 0.611 0.952 0 0 0 0 504 4221 9 0 14076
61000 50093.678 3600 0.479 1.088 0 0 0 0 528 4211 7 0 14076
61000 53693.677 3600 1.016 0.546 0 0 0 0 504 4210 6 0 14076
61000 57293.677 3600 0.319 1.251 0 0 0 0 512 4218 9 0 14076
61000 60893.677 3600 0.490 1.069 0 0 0 0 504 4215 10 0 14076
61000 64493.677 3600 0.481 1.061 0 0 0 0 480 4210 3 0 14076
61000 68093.677 3600 0.623 0.940 0 0 0 0 520 4217 16 0 14076
61000 71693.677 3600 0.611 0.952 0 0 0 0 512 4214 8 0 14076
61000 75293.677 3600 0.521 1.038 0 0 0 0 512 4217 6 0 14076
61000 78893.677 3600 0.476 1.094 0 0 0 0 520 4226 8 0 14076
61000 82493.677 3600 0.386 1.180 0 0 0 0 496 4221 11 0 14076
61000 86093.677 3600 0.495 1.073 0 0 0 0 504 4216 7 0 14076
61001 3293.678 3600 0.464 1.076 0 0 0 0 472 4210 8 0 14076
61001 6893.677 3600 0.809 0.733 0 0 0 0 480 4208 5 0 14076
61001 10493.677 3600 0.503 1.062 0 0 0 0 512 4215 14 0 14076
61001 14093.678 3600 0.619 0.934 0 0 0 0 496 4206 7 0 14076
61001 17693.677 3600 0.305 1.246 0 0 0 0 488 4214 4 0 14076
61001 21293.677 3600 0.424 1.135 0 0 0 0 496 4204 7 0 14076
61001 24893.677 3600 0.508 1.036 0 0 0 0 512 4212 10 0 14076
61001 28493.677 3600 0.509 1.037 0 0 0 0 496 4218 11 0 14076
61001 32093.678 3600 0.529 1.027 0 0 0 0 528 4213 12 0 14076
61001 35693.677 3600 0.676 0.880 0 0 0 0 512 4218 12 0 14076
61001 39293.677 3600 0.439 1.120 0 0 0 0 520 4216 11 0 14076
61001 42893.677 3600 0.609 0.961 0 0 0 0 504 4216 6 0 14076
61001 46493.677 3600 0.637 0.929 0 0 0 0 512 4224 4 0 14076
61001 50093.677 3600 0.607 0.957 0 0 0 0 520 4219 11 0 14076
61001 53693.677 3600 0.549 1.024 0 0 0 0 528 4225 6 0 14076
61001 57293.677 3600 0.489 1.082 0 0 0 0 528 4226 7 0 14076
61001 60893.677 3600 0.249 1.319 0 0 0 0 496 4228 8 0 14076
61001 64493.677 3600 0.573 0.993 0 0 0 0 528 4212 6 0 14076
61001 68093.677 3600 0.403 1.135 0 0 0 0 472 4202 8 0 14076
61001 71693.677 3600 0.383 1.152 0 0 0 0 488 4200 5 0 14076
61001 75293.677 3600 0.349 1.209 0 0 0 0 504 4210 7 0 14076
61001 78893.677 3600 0.698 0.873 0 0 0 0 536 4215 8 0 14076
61001 82493.678 3600 0.450 1.133 0 0 0 0 512 4245 6 0 14076
61001 86093.677 3600 0.549 1.020 0 0 0 0 520 4237 9 0 14076
61002 3293.678 3600 0.474 1.095 0 0 0 0 504 4229 3 0 14076
61002 6893.678 3600 0.416 1.156 0 0 0 0 512 4225 9 0 14076
61002 10493.677 3600 0.440 1.119 0 0 0 0 512 4219 10 0 14076
61002 14093.678 3600 0.654 0.907 0 0 0 0 520 4212 9 0 14076
61002 17693.677 3600 0.365 1.194 0 0 0 0 504 4223 12 0 14076
61002 21293.677 3600 0.227 1.331 0 0 0 0 504 4221 14 0 14076
61002 24893.677 3600 0.561 1.005 0 0 0 0 520 4228 8 0 14076
61002 28493.677 3600 0.443 1.151 0 0 0 0 520 4268 9 0 14076
61002 32093.678 3600 0.344 1.264 0 0 0 0 504 4288 10 0 14076
61002 35693.678 3600 0.504 1.075 0 0 0 0 536 4246 9 0 14076
61002 39293.677 3600 0.492 1.091 0 0 0 0 512 4261 14 0 14076
61002 42893.677 3600 0.821 0.756 0 0 0 0 528 4245 9 0 14076
61002 46493.677 3600 0.750 0.822 0 0 0 0 488 4256 7 0 14076
61002 50093.677 3600 0.215 1.347 0 0 0 0 472 4258 9 0 14076
61002 53693.678 3600 0.538 1.038 0 0 0 0 512 4256 13 0 14076
61002 57293.677 3600 0.378 1.174 0 0 0 0 480 4223 5 0 14076
61002 60893.677 3600 0.578 0.991 0 0 0 0 520 4228 7 0 14076
61002 64493.677 3600 0.383 1.183 0 0 0 0 520 4221 13 0 14076
61002 68093.678 3600 0.796 0.778 0 0 0 0 504 4234 6 0 14076
61002 71693.677 3600 0.567 1.008 0 0 0 0 512 4236 8 0 14076
61002 75293.677 3600 0.416 1.159 0 0 0 0 536 4219 7 0 14076
61002 78893.677 3600 0.443 1.134 0 0 0 0 512 4234 8 0 14076
61002 82493.677 3600 0.850 0.718 0 0 0 0 504 4233 8 0 14076
61002 86093.677 3600 0.433 1.110 0 0 0 0 472 4219 12 0 14076
61003 3293.678 3600 0.671 0.885 0 0 0 0 480 4234 3 0 14076
61003 6893.677 3600 0.536 1.034 0 0 0 0 480 4243 3 0 14076
61003 10493.677 3600 0.720 0.868 0 0 0 0 512 4247 11 0 14076
61003 14093.677 3600 0.477 1.103 0 0 0 0 512 4244 9 0 14076
61003 17693.677 3600 0.601 0.976 0 0 0 0 512 4231 9 0 14076
61003 21293.677 3600 0.594 0.975 0 0 0 0 488 4235 11 0 14076
61003 24893.677 3600 0.341 1.236 0 0 0 0 544 4234 5 0 14076
61003 28493.678 3600 0.516 1.046 0 0 0 0 488 4221 8 0 14076
61003 32093.677 3600 0.112 1.451 0 0 0 0 496 4241 10 0 14076
61003 35693.677 3600 0.466 1.087 0 0 0 0 480 4234 10 0 14076
61003 39293.677 3600 0.625 0.939 0 0 0 0 504 4236 8 0 14076
61003 42893.678 3600 0.366 1.215 0 0 0 0 496 4244 9 0 14076
61003 46493.677 3600 0.225 1.340 0 0 0 0 504 4227 10 0 14076
61003 50093.677 3600 0.784 0.792 0 0 0 0 520 4231 12 0 14076
61003 53693.677 3600 0.636 0.956 0 0 0 0 512 4264 6 0 14076
61003 57293.677 3600 0.655 0.934 0 0 0 0 520 4259 5 0 14076
61003 60893.677 3600 0.601 1.002 0 0 0 0 512 4277 7 0 14076
61003 64493.677 3600 0.386 1.195 0 0 0 0 504 4243 7 0 14076
61003 68093.677 3600 0.413 1.169 0 0 0 0 528 4234 7 0 14076
61003 71693.677 3600 0.358 1.211 0 0 0 0 496 4231 9 0 14076
61003 75293.677 3600 0.592 0.987 0 0 0 0 496 4248 4 0 14076
61003 78893.678 3600 0.383 1.207 0 0 0 0 480 4257 14 0 14076
61003 82493.677 3600 0.609 0.970 0 0 0 0 512 4241 7 0 14076
61003 86093.677 3600 0.742 0.819 0 0 0 0 472 4253 5 0 14076
61004 3293.678 3600 0.385 1.167 0 0 0 0 472 4236 7 0 14076
61004 6893.677 3600 0.874 0.673 0 0 0 0 480 4218 3 0 14076
61004 10493.677 3600 0.411 1.151 0 0 0 0 528 4225 12 0 14076
61004 14093.677 3600 0.426 1.141 0 0 0 0 488 4237 6 0 14076
61004 17693.677 3600 0.446 1.122 0 0 0 0 504 4234 7 0 14076
61004 21293.677 3600 0.494 1.064 0 0 0 0 520 4218 11 0 14076
61004 24893.677 3600 0.575 0.979 0 0 0 0 512 4219 8 0 14076
61004 28493.677 3600 0.602 0.946 0 0 0 0 496 4203 7 0 14076
61004 32093.677 3600 0.470 1.073 0 0 0 0 488 4206 9 0 14076
61004 35693.677 3600 0.551 1.007 0 0 0 0 496 4219 12 0 14076
61004 39293.677 3600 0.403 1.162 0 0 0 0 528 4214 9 0 14076
61004 42893.677 3600 0.495 1.071 0 0 0 0 504 4222 6 0 14076
61004 46493.678 3600 0.814 0.763 0 0 0 0 528 4239 6 0 14076
61004 50093.678 3600 0.264 1.321 0 0 0 0 520 4251 6 0 14076
61004 53693.677 3600 0.480 1.121 0 0 0 0 512 4275 8 0 14076
61004 57293.677 3600 0.641 0.921 0 0 0 0 488 4222 6 0 14076
61004 60893.677 3600 0.572 0.997 0 0 0 0 528 4216 9 0 14076
61004 64493.677 3600 0.617 0.950 0 0 0 0 512 4227 11 0 14076
61004 68093.677 3600 0.553 1.019 0 0 0 0 520 4224 7 0 14076
61004 71693.677 3600 0.728 0.841 0 0 0 0 528 4228 6 0 14076
61004 75293.677 3600 0.532 1.040 0 0 0 0 520 4225 7 0 14076
61004 78893.678 3600 0.776 0.798 0 0 0 0 480 4234 7 0 14076
61004 82493.677 3600 0.427 1.134 0 0 0 0 528 4209 9 0 14076
61004 86093.677 3600 0.408 1.157 0 0 0 0 488 4217 5 0 14076
61005 3293.678 3600 0.455 1.113 0 0 0 0 528 4216 11 0 14076
61005 6893.677 3600 0.662 0.899 0 0 0 0 488 4218 3 0 14076
61005 10493.677 3600 0.741 0.829 0 0 0 0 528 4228 6 0 14076
61005 14093.677 3600 0.557 1.013 0 0 0 0 520 4221 3 0 14076
61005 17693.677 3600 0.532 1.018 0 0 0 0 504 4214 4 0 14076
61005 21293.677 3600 0.568 0.988 0 0 0 0 504 4220 4 0 14076
61005 24893.677 3600 0.392 1.167 0 0 0 0 496 4223 12 0 14076
61005 28493.678 3600 0.689 0.876 0 0 0 0 520 4220 8 0 14076
61005 32093.677 3600 0.525 1.030 0 0 0 0 488 4223 12 0 14076
61005 35693.677 3600 0.479 1.087 0 0 0 0 552 4216 12 0 14076
61005 39293.678 3600 0.482 1.081 0 0 0 0 520 4212 6 0 14076
61005 42893.677 3600 0.400 1.147 0 0 0 0 496 4213 6 0 14076
61005 46493.677 3600 0.881 0.671 0 0 0 0 496 4221 4 0 14076
61005 50093.677 3600 0.590 0.980 0 0 0 0 528 4220 14 0 14076
61005 53693.677 3600 0.660 0.908 0 0 0 0 520 4223 8 0 14076
61005 57293.677 3600 0.432 1.134 0 0 0 0 504 4219 3 0 14076
61005 60893.677 3600 0.730 0.843 0 0 0 0 528 4222 15 0 14076
61005 66563.064 3600 0.874 1.043 2403 14 0 3280 552 4654 124 0 14076
61005 70163.039 3600 0.744 0.871 0 0 0 24 520 4335 10 0 14076
61005 73763.039 3600 0.829 0.774 0 0 0 0 512 4306 14 0 14076
61005 77363.040 3600 0.645 0.955 0 0 0 0 520 4296 13 0 14076
61005 80963.039 3600 0.711 0.875 0 0 0 0 488 4290 9 0 14076
61005 84563.040 3600 0.835 0.750 0 0 0 0 504 4277 11 0 14076
61006 1763.040 3600 0.834 0.747 0 0 0 0 488 4265 8 0 14076
61006 5363.040 3600 0.743 0.844 0 0 0 0 512 4279 11 0 14076
61006 8963.040 3600 0.863 0.696 0 0 0 0 512 4244 13 0 14076
61006 12563.040 3600 0.668 0.905 0 0 0 0 520 4249 7 0 14076
61006 16163.039 3600 0.949 0.609 0 0 0 0 512 4237 10 0 14076
61006 19763.040 3600 0.738 0.822 0 0 0 0 520 4227 10 0 14076
61006 23363.040 3600 0.853 0.691 0 0 0 0 520 4219 6 0 14076
61006 26963.039 3600 0.772 0.775 0 0 0 0 512 4226 15 0 14076
61006 30563.040 3600 0.664 0.887 0 0 0 0 520 4214 12 0 14076
61006 34163.040 3600 0.795 0.743 0 0 0 0 504 4217 11 0 14076
61006 37763.039 3600 0.925 0.619 0 0 0 0 528 4217 10 0 14076
61006 41363.039 3600 0.928 0.619 0 0 0 0 520 4222 9 0 14076
61006 44963.040 3600 0.744 0.800 0 0 0 0 536 4217 4 0 14076
61006 48563.039 3600 0.951 0.581 0 0 0 0 504 4208 7 0 14076
61006 52163.039 3600 0.815 0.703 0 0 0 0 480 4212 5 0 14076
61006 55763.040 3600 0.804 0.752 0 0 0 0 488 4228 13 0 14076
61006 59363.039 3600 0.835 0.727 0 0 0 0 536 4234 10 0 14076
61006 62963.040 3600 0.500 1.059 0 0 0 0 504 4242 8 0 14076
61006 66563.039 3600 0.818 0.735 0 0 0 0 520 4229 10 0 14076
61006 70163.040 3600 0.862 0.694 0 0 0 0 528 4230 9 0 14076
61006 73763.039 3600 0.591 0.954 0 0 0 0 480 4226 7 0 14076
61006 77363.040 3600 0.818 0.733 0 0 0 0 504 4223 12 0 14076
61006 80963.039 3600 0.789 0.761 0 0 0 0 520 4222 15 0 14076
61006 84563.040 3600 0.941 0.602 0 0 0 0 504 4216 6 0 14076
61007 1763.040 3600 0.745 0.801 0 0 0 0 520 4219 10 0 14076
61007 5363.039 3600 0.760 0.787 0 0 0 0 512 4215 10 0 14076
61007 8963.040 3600 0.741 0.798 0 0 0 0 496 4213 9 0 14076
61007 12563.039 3600 1.141 0.402 0 0 0 0 512 4217 7 0 14076
61007 16163.039 3600 0.590 0.958 0 0 0 0 496 4215 13 0 14076
61007 19763.039 3600 0.761 0.789 0 0 0 0 504 4222 6 0 14076
61007 23363.039 3600 0.903 0.644 0 0 0 0 496 4217 8 0 14076
61007 26963.040 3600 0.718 0.831 0 0 0 0 504 4213 17 0 14076
61007 30563.040 3600 0.616 0.928 0 0 0 0 536 4216 9 0 14076
61007 34163.039 3600 0.668 0.871 0 0 0 0 496 4213 7 0 14076
61007 37763.040 3600 0.830 0.715 0 0 0 0 520 4217 6 0 14076
61007 41363.040 3600 0.799 0.743 0 0 0 0 512 4217 9 0 14076
61007 44963.040 3600 0.672 0.872 0 0 0 0 528 4219 13 0 14076
61007 48563.039 3600 0.685 0.857 0 0 0 0 528 4211 8 0 14076
61007 52163.040 3600 0.688 0.860 0 0 0 0 512 4218 9 0 14076
61007 55763.040 3600 0.745 0.803 0 0 0 0 536 4221 15 0 14076
61007 59363.040 3600 0.771 0.771 0 0 0 0 520 4215 7 0 14076
61007 62963.040 3600 0.931 0.613 0 0 0 0 496 4221 13 0 14076
61007 66563.039 3600 0.846 0.701 0 0 0 0 512 4221 11 0 14076
61007 70163.039 3600 0.566 0.972 0 0 0 0 512 4216 14 0 14076
61007 73763.040 3600 0.773 0.773 0 0 0 0 520 4221 7 0 14076
61007 77363.040 3600 0.652 0.884 0 0 0 0 480 4220 13 0 14076
61007 80963.040 3600 0.759 0.787 0 0 0 0 520 4217 11 0 14076
61007 84563.040 3600 0.703 0.847 0 0 0 0 520 4213 9 0 14076
61008 1763.040 3600 0.673 0.874 0 0 0 0 504 4219 12 0 14076
61008 5363.039 3600 0.751 0.808 0 0 0 0 496 4224 6 0 14076
61008 8963.040 3600 0.860 0.687 0 0 0 0 496 4216 9 0 14076
61008 12563.040 3600 0.852 0.708 0 0 0 0 504 4245 5 0 14076
61008 16163.040 3600 0.624 0.937 0 0 0 0 496 4244 6 0 14076
61008 19763.040 3600 0.775 0.774 0 0 0 0 520 4222 11 0 14076
61008 23363.039 3600 0.794 0.764 0 0 0 0 528 4227 15 0 14076
61008 26963.040 3600 0.795 0.741 0 0 0 0 496 4226 10 0 14076
61008 30563.040 3600 0.588 0.961 0 0 0 0 504 4223 15 0 14076
61008 34163.039 3600 0.962 0.588 0 0 0 0 520 4222 12 0 14076
61008 37763.039 3600 0.818 0.732 0 0 0 0 512 4214 8 0 14076
61008 41363.039 3600 0.717 0.832 0 0 0 0 520 4222 4 0 14076
61008 44963.040 3600 0.803 0.743 0 0 0 0 496 4222 11 0 14076
61008 48563.040 3600 0.847 0.703 0 0 0 0 496 4218 9 0 14076
61008 52163.040 3600 0.818 0.733 0 0 0 0 520 4223 10 0 14076
61008 55763.040 3600 0.761 0.788 0 0 0 0 520 4224 15 0 14076
61008 59363.039 3600 0.742 0.798 0 0 0 0 504 4215 14 0 14076
61008 62963.040 3600 0.820 0.733 0 0 0 0 536 4222 5 0 14076
61008 66563.040 3600 0.899 0.647 0 0 0 0 528 4216 11 0 14076
61008 70163.040 3600 1.055 0.497 0 0 0 0 512 4220 6 0 14076
61008 73763.040 3600 0.859 0.693 0 0 0 0 536 4223 10 0 14076
61008 77363.040 3600 0.897 0.645 0 0 0 0 496 4224 9 0 14076
61008 80963.040 3600 0.805 0.750 0 0 0 0 520 4228 10 0 14076
61008 84563.040 3600 0.831 0.718 0 0 0 0 504 4230 6 0 14076
61009 1763.040 3600 0.652 0.905 0 0 0 0 512 4235 9 0 14076
61009 5363.040 3600 0.804 0.748 0 0 0 0 512 4222 10 0 14076
61009 8963.040 3600 0.903 0.649 0 0 0 0 528 4220 11 0 14076
61009 12563.040 3600 0.733 0.817 0 0 0 0 528 4220 11 0 14076
61009 16163.039 3600 0.733 0.817 0 0 0 0 520 4214 11 0 14076
61009 19763.040 3600 0.685 0.852 0 0 0 0 496 4231 13 0 14076
61009 23363.039 3600 0.730 0.814 0 0 0 0 512 4217 14 0 14076
61009 26963.040 3600 0.836 0.724 0 0 0 0 504 4241 11 0 14076
61009 30563.039 3600 0.627 0.936 0 0 0 0 520 4241 8 0 14076
61009 34163.039 3600 0.778 0.778 0 0 0 0 520 4228 7 0 14076
61009 37763.039 3600 1.046 0.516 0 0 0 0 544 4234 8 0 14076
61009 41363.040 3600 0.778 0.778 0 0 0 0 496 4240 7 0 14076
61009 44963.040 3600 0.701 0.869 0 0 0 0 504 4244 19 0 14076
61009 48563.039 3600 0.783 0.782 0 0 0 0 520 4241 8 0 14076
61009 52163.039 3600 0.816 0.731 0 0 0 0 504 4231 11 0 14076
61009 55763.040 3600 0.917 0.637 0 0 0 0 520 4226 13 0 14076
61009 59363.039 3600 0.790 0.758 0 0 0 0 512 4229 10 0 14076
61009 62963.041 3600 0.831 0.715 0 0 0 0 496 4229 8 0 14076
61009 66563.040 3600 0.720 0.834 0 0 0 0 504 4232 10 0 14076
61009 70163.040 3600 0.985 0.566 0 0 0 0 488 4220 6 0 14076
61009 73763.039 3600 0.770 0.766 0 0 0 0 488 4228 5 0 14076
61009 77363.040 3600 0.609 0.919 0 0 0 0 480 4225 5 0 14076
61009 80963.040 3600 0.888 0.661 0 0 0 0 528 4215 5 0 14076
61009 84563.040 3600 0.577 0.968 0 0 0 0 496 4216 12 0 14076
