60949 179.071 3600 106822 102349 71649 30741 0 1 1 40 5631 1200 1577
60949 3779.071 3600 94511 91438 68318 23120 0 0 0 0 4592 1519 971
60949 7379.071 3600 104751 101500 77604 23842 0 17 6 1 4163 936 1433
60949 10979.071 3600 82753 80901 63419 18226 0 736 3 23 1880 772 775
60949 14579.071 3600 80771 79141 61780 17378 0 4 8 5 2128 515 772
60949 18179.071 3600 131869 124799 99485 25334 1 10 20 0 8910 1871 859
60949 21779.071 3600 97702 95048 78629 16423 0 31 3 1 4092 1473 1131
60949 25379.071 3600 105440 103730 87199 16535 0 18 2 1 2711 1022 555
60949 28979.071 3600 95378 92614 77330 15288 0 6 2 2 3589 835 635
60949 32579.071 3600 77526 76631 63029 13617 0 25 0 15 1385 530 579
60949 36179.071 3600 97493 93287 77971 15317 0 6 1 0 5104 905 792
60949 39779.071 3600 84151 81261 66679 14588 1 12 2 2 3593 720 627
60949 43379.071 3600 100897 99652 78127 21527 1 10 2 0 2701 1469 1797
60949 46979.071 3600 104117 97504 75583 21921 0 5 0 0 7934 1326 1030
60949 50579.071 3600 106288 104530 79973 24563 0 11 0 6 2626 885 916
60949 54179.071 3600 115134 113149 84487 28666 1 18 1 3 3331 1369 930
60949 57779.071 3600 95294 93921 71156 22771 0 5 3 3 2283 921 812
60949 61379.071 3600 105335 104719 78821 25902 0 2 2 2 1091 481 1162
60949 64979.071 3600 118569 103568 78233 25425 0 71 51 0 15738 859 771
60949 68579.071 3600 159780 154183 127203 26988 0 17 6 2 6317 745 1963
60949 72179.071 3600 152830 150553 129771 20784 1 31 1 0 2735 491 858
60949 75779.071 3600 105410 100306 75397 24909 0 0 0 0 5798 694 807
60949 79379.071 3600 121071 118999 86298 32709 0 20 5 0 2778 731 772
60949 82979.071 3600 127593 123572 93992 29584 0 0 2 2 4679 662 788
60950 179.071 3600 114260 107512 82834 24679 0 0 1 0 7445 698 1195
60950 3779.071 3600 107395 103693 83624 20070 0 11 0 1 4383 693 669
60950 7379.071 3600 109687 105297 80030 25267 0 7 0 0 4951 568 899
60950 10979.071 3600 102228 100991 81146 19848 0 1 0 2 1839 605 610
60950 14579.071 3600 99978 96955 74924 22042 0 35 1 10 3845 868 1012
60950 18179.071 3600 105049 98705 81723 16987 1 20 2 3 6915 597 929
60950 21779.071 3600 114155 111149 96346 14808 0 21 1 4 4398 1418 1237
60950 25379.071 3600 104699 102144 89106 13046 0 5 0 8 3157 615 516
60950 28979.071 3600 95538 92109 74940 17173 0 1 1 2 4174 749 877
60950 32579.071 3600 92085 89183 76472 12716 0 38 2 1 3576 715 492
60950 36179.071 3600 93211 87550 72641 14916 1 1 5 1 6012 359 655
60950 39779.071 3600 101935 93119 75029 18095 0 17 1 3 9373 578 1108
60950 43379.071 3600 102840 100637 82698 17944 2 10 0 5 2511 325 795
60950 46979.071 3600 106487 97287 78411 18880 0 13 4 0 9841 658 667
60950 50579.071 3600 127100 125788 100529 25267 0 13 4 0 1708 413 721
60950 54179.071 3600 126923 119013 94624 24399 0 11 7 3 9147 1258 1069
60950 57779.071 3600 112445 108946 81318 27631 0 31 3 0 4296 831 1527
60950 61379.071 3600 117833 113045 86347 26699 0 16 0 1 5647 876 917
60950 64979.071 3600 104935 104279 80636 23643 0 17 0 0 1182 543 982
60950 68579.071 3600 106363 103369 77749 25622 0 11 0 1 3729 747 967
60950 72179.071 3600 113281 106580 80604 25981 0 6 5 0 7507 817 661
60950 75779.071 3600 135545 110332 86996 23339 0 0 3 0 26508 1298 1012
60950 79379.071 3600 106913 103889 77417 26478 0 18 3 0 4153 1150 843
60950 82979.071 3600 101549 100117 77560 22561 1 16 2 1 2088 676 1114
60951 179.071 3600 121796 116510 87557 28954 0 31 1 0 6019 765 668
60951 3779.071 3600 130216 128389 99671 28721 0 27 3 0 2449 652 859
60951 7379.071 3600 111714 107219 84469 22758 0 8 5 2 5214 734 1164
60951 10979.071 3600 112253 109346 84862 24490 0 51 3 2 3606 755 948
60951 14579.071 3600 96573 94751 72197 22557 0 6 1 2 3088 1275 1191
60951 18179.071 3600 102896 96435 76314 20124 0 9 3 0 7022 573 1584
60951 21779.071 3600 114348 109477 96407 13072 0 31 1 0 5460 621 1275
60951 25379.071 3600 93807 91212 75939 15274 0 35 1 0 3355 796 1010
60951 28979.071 3600 90676 89136 75434 13712 0 9 0 7 2043 519 618
60951 32579.071 3600 81353 81051 69375 11680 0 0 4 0 714 416 576
60951 36179.071 3600 94113 91134 78634 12502 0 0 1 1 3273 296 827
60951 39779.071 3600 90620 86221 65900 20331 0 11 10 0 5044 666 927
60951 43379.071 3600 108906 105437 80365 25072 0 11 0 0 4652 1194 1375
60951 46979.071 3600 119369 116062 96125 19938 0 11 1 0 3878 583 1153
60951 50579.071 3600 104868 104137 83541 20597 0 2 0 1 1352 624 665
60951 54179.071 3600 102900 101736 78682 23054 1 59 0 0 1648 544 1484
60951 57779.071 3600 119461 117932 93534 24403 0 1 5 0 2142 619 754
60951 61379.071 3600 138934 130646 103778 26871 0 10 1 2 9286 1011 678
60951 64979.071 3600 119131 115870 91391 24481 0 21 2 0 4583 1345 1143
60951 68579.071 3600 114601 111741 90530 21217 0 0 1 5 4453 1598 1864
60951 72179.071 3600 126843 119807 97769 22050 0 12 0 11 7667 654 718
60951 75779.071 3600 105168 102801 83558 19243 0 66 0 0 3403 1102 661
60951 79379.071 3600 109765 108415 84484 23939 0 36 2 0 2375 1063 748
60951 82979.071 3600 121046 120148 93412 26739 0 36 2 0 1582 722 1340
60952 179.071 3600 108325 105638 80960 24688 0 110 2 7 3121 553 777
60952 3779.071 3600 115983 112528 88315 24225 0 6 0 11 4315 876 1532
60952 7379.071 3600 113952 110699 83953 26760 0 16 0 13 4213 989 1237
60952 10979.071 3600 109929 101907 84683 17224 0 25 0 0 8653 656 565
60952 14579.071 3600 95942 93830 74217 19614 0 15 1 0 3805 1709 702
60952 18179.071 3600 105308 96929 81114 15884 0 101 1 12 9262 997 634
60952 21779.071 3600 133873 98325 82521 15806 0 21 1 1 37409 1884 1027
60952 25379.071 3600 89820 88983 75227 13761 0 12 0 4 1476 655 579
60952 28979.071 3600 96543 91791 74823 16973 0 0 5 0 5492 745 760
60952 32579.071 3600 92751 87554 73320 14266 0 42 3 9 5701 558 901
60952 36179.071 3600 102181 101787 88725 13063 0 12 0 0 1144 762 614
60952 39779.071 3600 93887 85479 70979 14511 0 13 2 7 8727 341 563
60952 43379.071 3600 111182 102459 82971 19491 0 5 3 0 9505 790 649
60952 46979.071 3600 91320 86783 69583 17201 0 26 1 0 5170 660 1656
60952 50579.071 3600 106065 103339 78052 25294 0 15 6 1 3861 1157 1035
60952 54179.071 3600 103843 102982 79337 23649 1 11 3 1 1598 753 1323
60952 57779.071 3600 100732 92165 72870 19306 0 11 6 5 8951 406 888
60952 61379.071 3600 96125 90814 72492 18335 0 22 3 10 6360 1084 729
60952 64979.071 3600 118428 114567 90140 24427 0 0 0 0 4901 1040 842
60952 68579.071 3600 114807 111435 86926 24511 0 22 2 0 3998 650 1018
60952 72179.071 3600 112372 107294 86629 20671 0 19 1 0 5370 312 668
60952 75779.071 3600 136383 135243 108547 26700 0 16 3 0 1985 864 1178
60952 79379.071 3600 109611 107175 80892 26284 0 1 1 0 3603 1169 737
60952 82979.071 3600 106087 105680 81892 23923 1 134 15 1 1015 759 1214
60953 179.071 3600 125706 107123 83979 23275 0 133 1 2 19499 1052 1171
60953 3779.071 3600 97955 95778 77595 18190 0 13 1 0 2747 584 680
60953 7379.071 3600 123710 121855 100815 21046 0 2 6 0 2496 649 834
60953 10979.071 3600 106112 102812 80679 22147 0 23 8 5 4080 816 692
60953 14579.071 3600 110992 109006 77198 31816 1 10 4 2 2709 740 1917
60953 18179.071 3600 106983 105338 89062 16278 0 10 0 2 2002 369 442
60953 21779.071 3600 86421 86111 70812 15310 0 167 4 3 465 329 623
60953 25379.071 3600 91834 90350 75103 15262 0 11 12 3 2575 1117 780
60953 28979.071 3600 106959 105110 87399 17711 0 1 0 0 3056 1208 1099
60953 32579.071 3600 94761 88144 72921 15685 0 470 3 0 6817 673 749
60953 36179.071 3600 94008 90633 72598 18315 0 288 12 0 3769 694 671
60953 39779.071 3600 91534 83941 66941 17008 0 50 8 0 8429 894 845
60953 43379.071 3600 87441 85871 71356 14517 0 1 2 0 2040 473 627
60953 46979.071 3600 112972 107350 87507 19844 0 10 1 0 6342 731 678
60953 50579.071 3600 105700 102002 80527 21476 0 1 1 0 4899 1203 883
60953 54179.071 3600 113559 112239 88165 24074 1 11 0 0 1857 549 730
60953 57779.071 3600 110332 108848 85722 23129 0 7 2 1 2446 972 839
60953 61379.071 3600 126165 124993 92334 32659 0 21 0 0 1707 556 1532
60953 64979.071 3600 123510 121104 93363 27741 0 30 0 0 3224 848 1192
60953 68579.071 3600 111630 107604 84308 23306 0 10 10 0 5369 1363 908
60953 72179.071 3600 117017 115173 88976 26201 0 16 1 3 2853 1029 689
60953 75779.071 3600 116561 115352 92550 22809 0 2 0 5 1939 737 1174
60953 79379.071 3600 128220 124500 95825 28678 1 1 3 0 4369 654 1540
60953 82979.071 3600 116544 113417 82464 30960 0 15 5 2 4751 1646 1356
60954 179.071 3600 118329 107010 85247 21766 2 21 3 0 12561 1268 918
60954 3779.071 3600 110771 105248 83399 21853 0 1 4 0 5776 258 794
60954 7379.071 3600 133079 129191 106061 23133 1 44 3 0 5205 1365 970
60954 10979.071 3600 117943 113222 86359 26866 0 0 3 0 5685 967 1315
60954 14579.071 3600 113410 99133 80379 18758 0 19 4 0 15515 1261 707
60954 18179.071 3600 107838 102067 83358 18709 0 21 0 0 6393 643 867
60954 21779.071 3600 92330 86371 73610 12763 0 16 2 0 6819 878 950
60954 25379.071 3600 90388 84076 72214 11863 0 0 0 1 6773 462 541
60954 28979.071 3600 105468 100784 85158 15629 0 5 0 3 5747 1071 1023
60954 32579.071 3600 102265 97428 82007 15431 0 36 5 1 6188 1393 408
60954 36179.071 3600 104707 101877 84081 17798 0 1 0 2 3376 549 1238
60954 39779.071 3600 117315 101970 84665 17307 0 25 2 0 16142 824 436
60954 43379.071 3600 104402 100467 79639 20831 0 1 3 0 4708 777 554
60954 46979.071 3600 113183 109289 88725 20566 0 12 1 1 4695 815 878
60954 50579.071 3600 93740 93479 69799 23687 1 16 1 0 807 564 734
60954 54179.071 3600 110387 108054 87421 20642 0 7 6 3 3096 779 842
60954 57779.071 3600 103126 98875 78133 20747 0 7 2 2 5002 762 918
60954 61379.071 3600 121222 116648 94077 22581 0 23 7 1 5478 935 689
60954 64979.071 3600 114952 113403 89292 24113 0 5 0 2 2190 648 736
60954 68579.071 3600 126214 123790 91892 31898 0 2 0 0 3189 767 1573
60954 72179.071 3600 132867 129059 109922 19139 0 13 2 0 4780 987 698
60954 75779.071 3600 124331 119975 99646 20334 0 21 3 1 5281 950 899
60954 79379.071 3600 133427 128427 97579 30849 0 40 1 0 6599 1640 1249
60954 82979.071 3600 109507 105332 83608 21728 1 121 2 2 5503 1454 703
60955 179.071 3600 104634 102234 80827 21597 0 11 190 0 2891 692 761
60955 3779.071 3600 132282 128221 105959 22314 0 6 50 1 4316 312 803
60955 7379.071 3600 118525 115975 93086 22892 0 53 3 0 3161 667 694
60955 10979.071 3600 125534 118799 92943 25860 0 12 2 0 7506 785 4882
60955 14579.071 3600 121916 120279 96302 23985 1 12 3 3 2226 608 1139
60955 18179.071 3600 111630 107576 86393 21189 1 11 1 5 4522 486 676
60955 21779.071 3600 125085 124192 108641 15553 0 5 0 2 1777 891 718
60955 25379.071 3600 102577 100967 87514 13454 0 6 1 0 2175 572 587
60955 28979.071 3600 106431 104244 88175 16077 0 12 4 0 3124 953 1135
60955 32579.071 3600 105389 104221 84715 19509 0 22 0 2 1816 672 737
60955 36179.071 3600 121072 120573 101147 19428 1 17 0 0 1475 994 808
60955 39779.071 3600 114952 112475 89177 23302 0 2 0 2 3597 1124 1300
60955 43379.071 3600 115871 114936 93397 21546 0 20 5 1 1353 444 859
60955 46979.071 3600 121426 118830 94148 24692 0 55 6 3 3372 840 965
60955 50579.071 3600 120830 117602 91678 25925 0 16 1 0 4019 808 1266
60955 54179.071 3600 122268 112557 89527 23030 1 26 0 0 10535 851 891
60955 57779.071 3600 121894 117110 97378 19736 0 6 2 2 5695 921 1223
60955 61379.071 3600 120944 119102 93884 25223 0 12 5 0 2521 696 706
60955 64979.071 3600 132587 125089 102409 22716 0 12 29 7 8039 586 636
60955 68579.071 3600 104945 104518 85370 19161 0 2 12 1 1320 908 747
60955 72179.071 3600 130740 128890 102756 26140 0 19 5 1 2519 694 1418
60955 75779.071 3600 144395 141779 109496 32289 0 10 3 2 4207 1606 835
60955 79379.071 3600 105761 105132 84505 20628 0 21 0 1 1264 657 862
60955 82979.071 3600 104652 104279 86271 18015 0 29 0 7 783 446 592
60956 179.071 3600 112682 110694 86308 24391 0 17 1 4 2483 513 768
60956 3779.071 3600 128313 125127 100739 24394 0 0 6 0 4206 1026 967
60956 7379.071 3600 108186 106552 89640 16917 0 26 2 3 2062 459 889
60956 10979.071 3600 113430 110108 91359 18753 0 20 3 1 4100 802 528
60956 14579.071 3600 118133 114076 93737 20340 0 14 1 0 4727 685 890
60956 18179.071 3600 101997 98181 78241 19944 0 17 4 0 4691 896 1072
60956 21779.071 3600 114837 107754 87664 20096 0 11 4 2 7658 592 1151
60956 25379.071 3600 110900 108688 91214 17481 0 21 0 6 2756 571 852
60956 28979.071 3600 112589 111619 95816 15806 0 7 1 0 1692 730 847
60956 32579.071 3600 100907 99784 85793 14004 0 4 3 6 1591 481 704
60956 36179.071 3600 105869 101482 87300 14192 0 6 10 0 4873 502 891
60956 39779.071 3600 100751 93980 80269 13711 0 0 0 0 7457 686 503
60956 43379.071 3600 105797 103153 84895 18260 0 8 1 0 3083 448 857
60956 46979.071 3600 105558 102360 83790 18576 0 9 2 1 3607 421 640
60956 50579.071 3600 111215 110150 90134 20045 0 19 29 0 2104 1063 1061
60956 54179.071 3600 117493 113535 90247 23308 1 1 14 6 4668 732 1277
60956 57779.071 3600 120016 117947 92873 25082 0 7 4 3 2537 482 903
60956 61379.071 3600 105986 105435 86577 18874 0 22 16 0 1011 498 591
60956 64979.071 3600 107751 105251 85129 20130 0 23 7 1 3046 577 616
60956 68579.071 3600 119343 117786 97478 20311 0 6 3 0 1954 406 1209
60956 72179.071 3600 132636 129791 101808 27992 0 18 3 3 4063 1242 1242
60956 75779.071 3600 118477 116524 89880 26648 0 3 3 0 2783 836 1044
60956 79379.071 3600 112126 110046 84843 25206 0 31 3 0 3021 975 805
60956 82979.071 3600 138629 132399 103823 28580 1 5 4 0 6971 751 1091
60957 179.071 3600 121829 120190 96084 24130 0 44 6 18 2479 908 842
60957 3779.071 3600 119358 117861 94066 23796 0 31 0 1 2172 707 1759
60957 7379.071 3600 124338 122324 92004 30322 0 3 2 0 3038 1029 915
60957 10979.071 3600 127946 123582 96833 26751 0 21 0 1 4953 611 1086
60957 14579.071 3600 101920 98098 81094 17006 0 22 1 0 5621 1822 754
60957 18179.071 3600 103224 102457 85282 17178 0 17 1 2 1174 427 787
60957 21779.071 3600 99687 98658 82390 16272 0 9 1 0 1344 325 1263
60957 25379.071 3600 122230 119250 100367 18884 0 33 0 0 3930 983 819
60957 28979.071 3600 120457 115980 95108 20879 0 18 6 1 5284 831 1090
60957 32579.071 3600 97957 96557 82227 14332 2 0 2 0 2041 645 801
60957 36179.071 3600 104222 96613 81017 15597 0 16 0 1 8380 788 727
60957 39779.071 3600 105197 103578 84556 19071 0 13 44 4 2120 562 617
60957 43379.071 3600 121246 112775 91893 20888 0 7 4 2 9103 645 731
60957 46979.071 3600 126300 125111 103089 22028 0 15 1 1 1504 332 1090
60957 50579.071 3600 122434 112341 92988 19358 0 27 0 5 10638 577 599
60957 54179.071 3600 124943 118205 97076 21137 1 8 3 5 7666 945 1423
60957 57779.071 3600 117293 113021 92254 20769 0 0 2 0 4660 390 810
60957 61379.071 3600 130333 127899 99982 27919 0 21 2 0 3492 1081 1147
60957 64979.071 3600 123171 120538 90616 29923 0 6 1 0 3220 594 3329
60957 68579.071 3600 97942 96071 78084 17996 0 5 2 7 2701 844 664
60957 72179.071 3600 123269 120690 98404 22288 0 11 1 1 3218 652 712
60957 75779.071 3600 117320 114530 90164 24368 0 1 1 1 3746 959 1055
60957 79379.071 3600 148809 141658 116033 25630 0 3 0 2 8621 1475 936
60957 82979.071 3600 107698 106507 84353 22160 0 17 4 0 2014 844 1009
60958 179.071 3600 108346 103867 80284 23584 0 13 1 0 5315 850 921
60958 3779.071 3600 118768 118019 94601 23422 1 12 3 1 1458 726 843
60958 7379.071 3600 127279 124250 96572 27679 0 7 0 1 4352 1331 969
60958 10979.071 3600 109440 108837 87532 21310 0 18 0 3 1017 435 931
60958 14579.071 3600 116567 113448 89993 23458 0 1 3 0 3989 874 803
60958 18179.071 3600 108438 107038 88916 18126 0 4 4 0 1952 560 784
60958 21779.071 3600 113109 110151 88712 21441 0 9 2 0 3480 533 1266
60958 25379.071 3600 114737 108259 88008 20252 0 27 0 0 7779 1328 3626
60958 28979.071 3600 105553 100220 81405 18820 0 26 4 0 5817 514 685
60958 32579.071 3600 122056 102610 83925 18691 0 13 4 2 20364 937 831
60958 36179.071 3600 96363 87998 73325 14682 0 144 4 5 9113 901 1180
60958 39779.071 3600 92492 89808 70130 19680 0 22 0 0 3606 944 611
60958 43379.071 3600 109086 104872 86897 17976 0 10 1 0 4574 371 771
60958 46979.071 3600 121508 116753 91955 24807 1 5 5 0 5936 1192 880
60958 50579.071 3600 121459 116883 92625 24259 0 0 1 0 5260 685 579
60958 54179.071 3600 108261 104218 79729 24492 0 0 0 3 4744 704 691
60958 57779.071 3600 109962 108871 86714 22159 0 8 0 0 1794 711 941
60958 61379.071 3600 132297 129980 97971 32011 0 39 2 0 3675 1399 793
60958 64979.071 3600 112324 106011 83247 22767 0 11 2 1 6999 700 731
60958 68579.071 3600 120978 119756 93568 26189 0 0 0 1 2141 920 818
60958 72179.071 3600 113665 106347 84300 22048 2 10 0 0 7808 502 5064
60958 75779.071 3600 120148 118048 92189 25866 0 45 3 2 2645 595 759
60958 79379.071 3600 141764 136292 104860 31435 0 2 2 0 5999 531 763
60958 82979.071 3600 130885 128064 102166 25906 0 12 2 4 3539 736 1081
60959 179.071 3600 128567 125129 103715 21414 1 41 0 0 4170 774 801
60959 3779.071 3600 121468 118825 96752 22076 0 11 2 1 3047 418 740
60959 7379.071 3600 141904 140043 116964 23086 0 2 1 4 2545 691 847
60959 10979.071 3600 132215 120350 96156 24195 0 7 1 0 13090 1233 767
60959 14579.071 3600 126354 118574 92599 25975 0 0 0 0 9055 1275 871
60959 18179.071 3600 104023 102458 82584 19875 0 33 1 0 2172 641 749
60959 21779.071 3600 113238 109426 89397 20086 0 73 0 0 4656 917 1390
60959 25379.071 3600 111478 110313 90964 19353 0 8 0 1 1482 326 503
60959 28979.071 3600 108317 106306 83008 23304 0 0 6 0 2429 424 831
60959 32579.071 3600 121071 119950 101926 18025 0 25 0 1 1873 778 672
60959 36179.071 3600 109645 107694 92620 15077 0 8 1 1 2482 540 943
60959 39779.071 3600 92384 87758 71311 16450 0 6 0 2 5087 469 584
60959 43379.071 3600 122707 112720 94696 18030 0 14 3 1 10997 1028 1183
60959 46979.071 3600 111213 104458 85274 19185 0 12 1 0 7887 1145 1051
60959 50579.071 3600 117316 112526 88011 24515 0 0 0 0 5554 764 653
60959 54179.071 3600 96893 94474 75401 19076 1 10 2 1 2773 368 2329
60959 57779.071 3600 122476 115008 89280 25732 0 14 2 1 8495 1044 992
60959 61379.071 3600 106167 105502 80438 25066 0 0 1 1 1363 700 919
60959 64979.071 3600 107741 107150 86112 21041 0 3 2 1 1346 761 886
60959 68579.071 3600 109475 106964 88989 17989 0 16 8 3 3378 894 662
60959 72179.071 3600 108976 107292 83017 24286 1 20 8 0 2295 640 817
60959 75779.071 3600 111798 110510 86461 24052 0 13 3 0 1727 455 900
60959 79379.071 3600 119350 116052 89010 27044 2 10 2 0 4665 1381 953
60959 82979.071 3600 118150 115574 88071 27510 0 14 3 1 3768 1210 1426
60960 179.071 3600 115689 107666 86627 21046 0 7 0 7 9088 1079 1570
60960 3779.071 3600 123310 119234 93089 26152 0 15 6 1 4865 811 1718
60960 7379.071 3600 107917 106011 85552 20464 0 1 2 3 2669 769 896
60960 10979.071 3600 115487 112304 86147 26160 0 6 3 0 3976 802 1099
60960 14579.071 3600 106548 104818 84454 20373 0 13 0 1 2191 475 1343
60960 18179.071 3600 94991 94632 76526 18114 0 4 4 0 745 394 614
60960 21779.071 3600 108838 105739 87613 18136 0 8 4 1 3855 769 522
60960 25379.071 3600 95625 94869 80705 14167 0 20 0 3 1707 974 828
60960 28979.071 3600 99832 97608 81501 16110 0 12 0 1 2823 612 794
60960 32579.071 3600 93963 91493 75791 15709 0 45 3 4 3312 894 1166
60960 36179.071 3600 92678 86103 73268 12836 0 0 0 1 7554 980 614
60960 39779.071 3600 105451 100257 85437 14822 0 24 1 1 5658 490 569
60960 43379.071 3600 106846 101594 82676 18918 0 21 0 0 6070 839 879
60960 46979.071 3600 120142 118008 97950 20065 1 7 4 3 3317 1198 894
60960 50579.071 3600 118756 113652 88987 24671 0 24 2 4 6782 1708 1484
60960 54179.071 3600 118133 107510 85185 22332 1 7 2 0 11548 935 1055
60960 57779.071 3600 127661 115102 90978 24125 0 29 0 1 14276 1747 738
60960 61379.071 3600 126450 121942 91805 30139 0 15 2 0 4790 299 737
60960 64979.071 3600 104283 96387 75362 21028 0 2 3 0 8563 672 765
60960 68579.071 3600 113091 109753 89292 20461 0 8 0 0 3763 433 692
60960 72179.071 3600 98184 97104 78630 18477 0 2 2 0 1569 493 687
60960 75779.071 3600 108631 108200 84706 23495 0 5 0 1 707 282 660
60960 79379.071 3600 102199 100513 77093 23434 0 6 12 1 2289 622 938
60960 82979.071 3600 109569 105269 78335 26939 0 12 3 0 4761 476 841
60961 179.071 3600 110225 108589 88769 19823 1 20 1 2 2312 700 740
60961 3779.071 3600 121760 117788 90296 27496 0 11 2 2 4778 821 756
60961 7379.071 3600 111896 108155 86673 21485 0 20 0 3 4769 1051 1135
60961 10979.071 3600 105494 104492 84447 20046 0 17 1 0 1725 741 510
60961 14579.071 3600 103512 99455 83007 16451 0 5 3 0 4942 893 544
60961 18179.071 3600 95942 92408 77437 14974 0 12 2 1 4502 983 650
60961 21779.071 3600 101220 99337 82945 16394 0 15 1 0 2419 552 761
60961 25379.071 3600 128559 122773 104114 18663 0 40 1 3 6641 899 1470
60961 28979.071 3600 95918 93016 77630 15386 0 1 0 0 4007 1106 596
60961 32579.071 3600 99164 93202 78674 14528 0 22 0 0 6773 833 619
60961 36179.071 3600 96756 94140 80902 13245 0 16 1 5 3393 799 591
60961 39779.071 3600 96813 95602 80934 14673 0 25 4 1 1672 491 527
60961 43379.071 3600 104683 103601 85730 17873 0 16 2 0 1579 515 513
60961 46979.071 3600 120431 113789 94320 19474 0 21 1 4 7417 801 664
60961 50579.071 3600 117432 113500 89857 23644 0 15 0 0 4464 547 728
60961 54179.071 3600 116678 115120 88663 26459 1 7 2 0 1980 432 787
60961 57779.071 3600 128813 119495 97009 22490 0 11 0 3 10123 819 993
60961 61379.071 3600 113240 112361 88495 23868 0 13 1 1 1612 748 868
60961 64979.071 3600 107872 106686 82121 24572 0 23 5 2 2154 998 727
60961 68579.071 3600 111261 111049 84916 26134 0 2 0 1 667 458 760
60961 72179.071 3600 137798 135359 106015 29393 0 34 4 45 3847 1491 1088
60961 75779.071 3600 130396 127631 104282 23356 0 6 4 2 3269 516 742
60961 79379.071 3600 112452 112296 90752 21603 0 56 1 2 403 306 606
60961 82979.071 3600 124386 122955 96911 26046 0 3 2 0 2194 768 945
60962 179.071 3600 117693 115644 92523 23139 0 15 7 11 2952 936 846
60962 3779.071 3600 111307 108446 82380 26072 0 17 6 0 3486 648 1037
60962 7379.071 3600 127107 125881 98321 27562 0 6 1 0 1892 673 947
60962 10979.071 3600 119894 118387 94331 24078 0 11 2 20 1931 457 965
60962 14579.071 3600 114412 111594 92164 19431 0 1 0 0 3954 1137 569
60962 18179.071 3600 118808 118284 94995 23292 0 3 2 1 1065 547 1732
60962 21779.071 3600 99273 95804 83037 12769 0 16 2 0 3969 518 429
60962 25379.071 3600 125974 120698 103678 17020 0 33 0 0 5960 717 1499
60962 28979.071 3600 118540 116341 99962 16386 0 6 0 4 3052 863 1044
60962 32579.071 3600 122892 119258 104724 14534 0 11 0 0 4037 414 539
60962 36179.071 3600 117844 112918 101012 11907 1 18 0 1 5715 809 606
60962 39779.071 3600 100058 97752 84244 13512 0 10 0 4 2619 327 636
60962 43379.071 3600 105381 103523 85624 17899 0 1 0 0 2190 333 656
60962 46979.071 3600 105826 103094 82331 20763 0 26 0 0 3169 463 662
60962 50579.071 3600 107558 104709 86650 18063 0 54 0 1 3414 620 564
60962 54179.071 3600 131553 125240 102055 23186 1 1 0 1 7326 1016 1278
60962 57779.071 3600 126355 123287 95836 27464 0 11 13 0 3455 411 624
60962 61379.071 3600 136163 133867 104132 29741 0 20 3 0 2932 659 1504
60962 64979.071 3600 146823 138533 109328 29209 0 46 1 1 10657 2415 1037
60962 68579.071 3600 126129 124737 99208 25544 0 12 2 12 2138 772 958
60962 72179.071 3600 139825 138298 112912 25387 0 36 0 0 2263 772 1356
60962 75779.071 3600 133344 129360 101928 27437 0 20 0 0 4760 796 1032
60962 79379.071 3600 120453 116599 90814 25788 0 13 3 0 4608 770 1017
60962 82979.071 3600 137382 130704 111081 19631 0 2 2 5 7662 993 747
60963 179.071 3600 121677 112004 89574 22430 1 10 0 0 10497 835 1639
60963 3779.071 3600 138718 135637 105154 30489 0 18 2 3 3826 768 1108
60963 7379.071 3600 132920 127762 102721 25047 0 14 1 3 5685 545 1025
60963 10979.071 3600 116189 113525 92417 21118 0 0 6 4 3794 1140 774
60963 14579.071 3600 117016 114579 95941 18643 0 153 1 4 3003 724 580
60963 18179.071 3600 106587 101685 86338 15352 1 11 3 2 5569 684 878
60963 21779.071 3600 108171 105159 88351 16808 0 14 0 0 3535 537 687
60963 25379.071 3600 123335 118032 100639 17399 1 0 6 0 5958 662 4800
60963 28979.071 3600 118023 110846 98515 12331 0 20 0 0 8651 1494 2103
60963 32579.071 3600 123929 116031 100139 15898 0 20 5 1 9286 1414 1213
60963 36179.071 3600 125277 121557 104634 16935 0 9 1 11 4185 486 870
60963 39779.071 3600 111559 111016 94208 16809 0 1 0 1 1372 831 1158
60963 43379.071 3600 111860 109207 91080 18137 0 13 2 6 3463 831 1492
60963 46979.071 3600 114881 111696 90078 21618 0 10 0 0 4270 1095 829
60963 50579.071 3600 120074 118092 91711 26392 1 27 9 1 2937 993 1451
60963 54179.071 3600 114412 111517 89760 21758 0 6 1 0 3655 767 751
60963 57779.071 3600 118561 116274 89496 26780 0 6 2 0 3047 768 934
60963 61379.071 3600 123534 120800 95304 25503 0 10 3 0 3151 430 1701
60963 64979.071 3600 129227 121326 95471 25857 0 1 1 0 8489 590 973
60963 68579.071 3600 120371 118627 93393 25241 0 6 7 0 2605 874 719
60963 72179.071 3600 139620 133974 104360 29621 1 8 5 2 6164 534 963
60963 75779.071 3600 126704 120987 101226 19762 0 12 1 0 6517 813 2262
60963 79379.071 3600 140014 130701 104870 25832 0 1 0 1 9988 677 792
60963 82979.071 3600 132764 131370 105680 25692 0 10 2 0 2075 693 1480
60964 179.071 3600 137710 131738 106314 25426 0 0 2 0 6700 730 1610
60964 3779.071 3600 128368 126172 99914 26260 0 9 0 2 2881 696 1159
60964 7379.071 3600 122407 121701 98096 23608 0 115 2 1 1089 501 894
60964 10979.071 3600 115867 110208 81318 28892 1 17 2 0 6093 454 1124
60964 14579.071 3600 103634 101075 83010 18066 0 4 0 1 4416 1862 1104
60964 18179.071 3600 113677 112731 92551 20183 0 20 3 0 1407 484 1304
60964 21779.071 3600 100766 97369 82681 14691 2 0 2 1 3868 476 476
60964 25379.071 3600 131140 127816 110757 17061 0 0 0 2 4220 898 558
60964 28979.071 3600 141580 136479 117606 18876 0 45 2 1 6046 993 1269
60964 32579.071 3600 119860 116117 100277 15842 0 0 2 0 4880 1139 800
60964 36179.071 3600 127220 124691 108865 15831 0 13 4 1 3075 564 771
60964 39779.071 3600 125251 111381 90561 20829 0 1 2 6 14855 994 875
60964 43379.071 3600 118335 116537 98515 18030 0 111 7 1 2340 661 945
60964 46979.071 3600 129187 127293 105013 22284 0 3 3 0 2443 555 979
60964 50579.071 3600 123786 121479 95837 25644 0 29 1 1 2892 616 1461
60964 54179.071 3600 139885 138038 112993 25047 1 14 2 0 2443 613 1642
60964 57779.071 3600 139584 129861 105876 23991 0 8 3 0 10519 807 1113
60964 61379.071 3600 130078 126593 104711 21888 0 18 1 5 4387 926 1007
60964 64979.071 3600 130911 127970 104761 23217 0 91 3 4 4013 1170 1361
60964 68579.071 3600 134324 130863 109259 21610 0 0 2 4 3715 260 894
60964 72179.071 3600 148107 140442 118662 21782 0 11 2 0 9618 1966 5100
60964 75779.071 3600 131796 127571 104079 23497 0 11 1 4 5707 1498 982
60964 79379.071 3600 139167 136313 112967 23350 0 12 0 3 3991 1152 831
60964 82979.071 3600 126779 124597 97204 27395 1 31 0 2 2739 591 722
60965 179.071 3600 116360 113204 93380 19831 0 36 2 5 3500 387 722
60965 3779.071 3600 130374 129779 104878 24904 0 1 2 1 1349 758 970
60965 7379.071 3600 120207 116579 89933 26651 0 20 0 3 4085 480 828
60965 10979.071 3600 127338 120104 97492 22615 0 27 1 1 8085 880 5849
60965 14579.071 3600 116598 113366 93185 20182 0 12 0 0 4119 899 1048
60965 18179.071 3600 116814 112977 91364 21617 0 12 4 0 4628 807 1392
60965 21779.071 3600 109996 108810 93536 15291 0 2 16 0 1775 607 760
60965 25379.071 3600 118849 114389 101352 13038 0 6 1 0 4883 430 559
60965 28979.071 3600 130806 125652 106693 18966 0 1 2 5 5706 560 836
60965 32579.071 3600 112757 111853 98192 13661 0 5 0 0 1398 499 810
60965 36179.071 3600 136426 127418 110008 17415 0 6 4 1 9802 805 700
60965 39779.071 3600 129300 127804 106297 21511 0 5 2 0 2042 553 914
60965 43379.071 3600 115533 111873 94322 17558 0 5 0 6 4331 682 804
60965 46979.071 3600 125436 121713 98430 23283 0 1 0 0 4920 1198 918
60965 50579.071 3600 119827 117039 98976 18065 0 15 1 1 3721 950 646
60965 54179.071 3600 146340 144497 121630 22870 1 18 2 0 3382 1560 1250
60965 57779.071 3600 125113 123107 98403 24708 0 4 2 2 2966 968 845
60965 61379.071 3600 125003 119993 98998 21000 0 7 0 5 6169 1171 778
60965 64979.071 3600 120740 119624 99506 20123 0 9 1 0 2408 1302 1019
60965 68579.071 3600 147676 137870 107013 30859 1 13 0 0 11672 1880 875
60965 72179.071 3600 133323 129392 105310 24082 0 35 0 0 6000 2104 893
60965 75779.071 3600 141313 129307 105332 23976 0 6 0 0 13604 1604 998
60965 79379.071 3600 145207 140743 110207 30541 0 60 4 0 5916 1516 1043
60965 82979.071 3600 132212 129041 105962 23085 0 7 1 5 4785 1627 795
60966 179.071 3600 132723 132313 109786 22529 0 6 2 0 1691 1289 734
60966 3779.071 3600 130353 119220 96262 22958 0 27 0 0 12534 1428 932
60966 7379.071 3600 137378 133969 111939 22032 0 6 1 1 4907 1506 944
60966 10979.071 3600 137176 125852 108068 17785 0 14 1 0 12883 1574 615
60966 14579.071 3600 127447 124372 99530 24843 1 16 1 0 3797 740 2119
60966 18179.071 3600 126463 123084 104287 18798 0 20 1 0 4232 874 944
60966 21779.071 3600 108579 106326 90672 15657 0 56 3 0 2773 579 560
60966 25379.071 3600 137713 137021 119431 17616 1 18 19 2 1163 511 608
60966 28979.071 3600 130660 127931 115548 12386 0 1 2 1 2972 247 523
60966 32579.071 3600 130343 119850 106540 13310 2 30 0 0 11521 1060 4576
60966 36179.071 3600 135863 119490 106305 13189 0 27 0 4 17407 1065 679
60966 39779.071 3600 124117 121801 107242 14559 0 1 0 0 2768 453 618
60966 43379.071 3600 162495 135071 113755 21321 0 69 1 3 28540 1189 1661
60966 46979.071 3600 119986 116892 95245 21651 0 4 2 1 4006 919 931
60966 50579.071 3600 136847 131786 111499 20296 0 1 7 2 6090 1039 783
60966 54179.071 3600 136487 134606 105031 29576 0 1 1 0 2831 952 1313
60966 57779.071 3600 122768 116908 94735 22177 1 3 2 0 6494 640 1117
60966 61379.071 3600 145066 140636 115991 24647 0 0 0 2 5213 785 834
60966 64979.071 3600 163685 162533 135261 27276 0 37 2 1 2290 1178 852
60966 68579.071 3600 119101 116895 95796 21100 0 2 0 0 2945 741 694
60966 72179.071 3600 144754 122347 99869 22498 0 5 5 11 22909 523 1067
60966 75779.071 3600 155806 139574 113146 26432 0 17 0 4 17002 791 1002
60966 79379.071 3600 115335 112626 95809 16826 1 16 9 0 3150 467 710
60966 82979.071 3600 138897 135293 108799 26495 0 17 1 0 5140 1554 869
60967 179.071 3600 113664 111286 90768 20522 0 41 4 0 2895 562 855
60967 3779.071 3600 116594 110786 90156 20635 0 21 5 0 9246 3464 776
60967 7379.071 3600 124180 122270 99393 22889 2 21 4 8 2396 521 942
60967 10979.071 3600 140986 136702 108752 27953 0 24 1 0 5112 853 1119
60967 14579.071 3600 112133 106926 91078 15850 0 10 2 0 5937 742 832
60967 18179.071 3600 116510 110843 94860 15993 0 40 0 10 6356 739 717
60967 21779.071 3600 135518 111748 98298 13452 0 32 1 1 24092 356 458
60967 25379.071 3600 131542 120225 103730 16498 0 55 2 1 11972 713 772
60967 28979.071 3600 123554 122491 109897 12609 0 1 2 13 1840 793 589
60967 32579.071 3600 108015 105304 92745 12570 0 20 6 2 3614 931 690
60967 36179.071 3600 108556 107855 92198 15663 0 42 4 2 1115 462 778
60967 39779.071 3600 116672 106118 87834 18287 0 29 0 3 11132 610 1452
60967 43379.071 3600 113447 109675 92043 17633 0 63 1 0 4320 612 699
60967 46979.071 3600 112511 110043 89311 20734 0 5 0 2 3101 640 1162
60967 50579.071 3600 115800 110652 90210 20444 0 3 2 0 5775 632 780
60967 54179.071 3600 137707 134463 108249 26222 1 3 3 4 3832 599 863
60967 57779.071 3600 108942 106341 85112 21234 0 37 2 2 3301 741 659
60967 61379.071 3600 122047 120633 95766 24902 0 14 31 2 2148 781 823
60967 64979.071 3600 121650 118153 93583 24582 2 31 8 0 4048 592 840
60967 68579.071 3600 138907 137716 114319 23398 0 1 1 0 2151 962 1350
60967 72179.071 3600 126639 119696 97723 21977 0 1 4 0 7672 734 1890
60967 75779.071 3600 129787 125853 102758 23095 0 3 0 0 4705 774 860
60967 79379.071 3600 118432 117898 95331 22577 0 3 0 9 1386 864 904
60967 82979.071 3600 133926 132443 95283 37165 0 5 1 2 2273 798 760
60968 179.071 3600 125258 123123 96478 26648 0 14 1 0 3035 915 1134
60968 3779.071 3600 147763 142804 116176 26631 0 36 2 1 6541 1621 1434
60968 7379.071 3600 139126 129729 106619 23114 0 89 0 4 10144 840 825
60968 10979.071 3600 132931 123724 100119 23610 0 37 5 0 10287 1122 766
60968 14579.071 3600 131644 129827 108499 21330 0 7 1 1 2820 1012 795
60968 18179.071 3600 123745 119949 100252 19699 0 12 0 0 4381 597 723
60968 21779.071 3600 117336 116242 100389 15855 0 20 0 2 2142 1070 916
60968 25379.071 3600 132671 128238 109600 18642 0 0 2 2 4856 427 533
60968 28979.071 3600 133547 130656 104357 26306 0 10 3 4 3439 565 782
60968 32579.071 3600 145257 117966 103302 14666 0 17 2 0 29357 2085 776
60968 36179.071 3600 119872 118802 102531 16279 0 15 7 1 1641 594 854
60968 39779.071 3600 119976 109839 92967 16873 0 70 1 0 10796 730 647
60968 43379.071 3600 116655 114970 94911 20061 0 1 2 0 2543 861 1738
60968 46979.071 3600 132055 118825 96488 22341 0 13 4 0 14235 1022 866
60968 50579.071 3600 128080 122160 99155 23431 0 430 1 1 5921 433 822
60968 54179.071 3600 146169 144335 122215 22417 0 296 1 0 2255 718 731
60968 57779.071 3600 129465 126823 101480 25445 1 11 95 3 3069 537 897
60968 61379.071 3600 132445 130657 107297 23362 0 0 1 1 2500 714 906
60968 64979.071 3600 140245 136504 114849 21660 0 11 1 4 4834 1109 934
60968 68579.071 3600 140859 138224 113512 24721 0 10 0 8 3406 789 807
60968 72179.071 3600 136117 131745 113078 18670 0 5 0 0 5003 636 870
60968 75779.071 3600 147779 138413 111383 27030 0 2 0 0 10289 925 740
60968 79379.071 3600 144962 143436 115604 27777 0 42 1 1 2355 873 745
60968 82979.071 3600 137738 131589 107804 23788 1 12 1 2 6968 835 802
60969 179.071 3600 143594 140941 115618 25324 0 22 0 0 3374 743 794
60969 3779.071 3600 154258 142122 111076 31051 0 13 3 2 13256 1138 1627
60969 7379.071 3600 139238 137932 111839 26095 0 23 1 1 1843 562 1954
60969 10979.071 3600 162310 147215 121093 26124 0 2 1 1 15846 755 1013
60969 14579.071 3600 134315 133614 112948 20667 0 0 1 0 1208 508 1180
60969 18179.071 3600 132646 128992 107844 21152 0 18 1 0 4360 725 999
60969 21779.071 3600 117370 115025 95711 19323 0 7 9 0 3188 859 1084
60969 25379.071 3600 125430 123078 109204 13881 0 31 7 0 2892 578 539
60969 28979.071 3600 130312 129608 115070 14547 0 21 1 8 1212 538 660
60969 32579.071 3600 118198 115873 103978 11907 0 13 7 2 2639 336 434
60969 36179.071 3600 111435 110273 97124 13152 0 0 3 0 1776 617 591
60969 39779.071 3600 121564 120741 105199 15550 0 0 1 7 1411 590 575
60969 43379.071 3600 148784 141104 116984 24128 0 3 6 2 8446 777 1014
60969 46979.071 3600 131223 125207 106642 18565 1 9 0 0 6754 748 743
60969 50579.071 3600 138963 137136 112031 25109 0 1 3 1 2510 688 843
60969 54179.071 3600 162438 156887 133381 23513 0 11 2 5 10169 4636 623
60969 57779.071 3600 133779 132528 104997 27537 1 2 3 3 1784 542 899
60969 61379.071 3600 132787 131394 107483 23913 0 32 1 1 1868 509 1231
60969 64979.071 3600 138271 128450 108216 20240 0 2 3 3 11200 1387 929
60969 68579.071 3600 133088 131090 106228 24869 1 25 0 7 2511 546 916
60969 72179.071 3600 138333 136095 111837 24260 0 12 0 2 2789 565 776
60969 75779.071 3600 125343 123140 103130 20053 0 1 41 2 3380 1221 637
60969 79379.071 3600 135040 130926 106044 24890 1 31 2 5 4962 887 1141
60969 82979.071 3600 125064 123343 96139 27209 0 12 5 0 2212 508 801
60970 179.071 3600 135741 131419 108056 23366 0 8 3 0 5208 897 747
60970 3779.071 3600 138761 135557 109044 26519 0 12 1 0 3836 645 1136
60970 7379.071 3600 142718 132378 105514 26875 0 0 7 4 11108 779 785
60970 10979.071 3600 139476 137467 114228 23245 0 11 2 3 2592 599 1068
60970 14579.071 3600 124661 123339 109297 14044 0 10 2 0 1947 637 725
60970 18179.071 3600 121525 120360 104673 15688 0 15 0 1 2060 911 724
60970 21779.071 3600 146359 128288 108125 20164 0 44 0 0 19299 1272 621
60970 25379.071 3600 131159 127127 113076 14056 0 15 2 3 4946 934 677
60970 28979.071 3600 132581 125404 110641 14767 0 5 0 4 7948 780 683
60970 32579.071 3600 114635 112050 98149 13902 0 5 1 0 3239 660 485
60970 36179.071 3600 139691 136456 119696 16765 2 3 1 4 3960 735 789
60970 39779.071 3600 147071 141243 117990 23256 0 13 0 0 6584 769 698
60970 43379.071 3600 117624 114949 94058 20895 0 6 4 0 3327 662 734
60970 46979.071 3600 123099 120261 98701 21575 0 10 15 0 4197 1384 868
60970 50579.071 3600 132355 131566 111169 20397 0 6 0 0 2004 1221 797
60970 54179.071 3600 131664 130433 108329 22717 0 607 6 0 1690 1072 909
60970 57779.071 3600 154655 149198 125736 23576 0 143 1 0 6412 1099 3211
60970 61379.071 3600 137658 133819 113120 20701 0 26 2 0 4315 504 899
60970 64979.071 3600 133016 130433 108369 22066 0 3 0 0 3267 687 692
60970 68579.071 3600 146888 144171 118264 25910 0 23 1 0 3282 589 1242
60970 72179.071 3600 160683 157247 130368 26884 0 6 0 4 4453 1027 1164
60970 75779.071 3600 144238 143513 122170 21348 0 1 1 4 1418 699 770
60970 79379.071 3600 133956 129624 104940 24686 0 16 2 0 4834 520 817
60970 82979.071 3600 149487 146370 113730 32658 1 14 0 18 3996 912 1457
60971 179.071 3600 142893 141490 114199 27298 0 9 3 0 2100 709 1763
60971 3779.071 3600 149991 146724 119913 26814 0 13 2 0 4427 1175 1363
60971 7379.071 3600 142016 130117 103557 26566 0 12 1 5 12265 384 1001
60971 10979.071 3600 148751 145359 114782 30580 0 12 0 0 4205 825 1062
60971 14579.071 3600 138565 135190 114362 20835 0 0 7 0 5506 2138 973
60971 18179.071 3600 126469 124737 104001 20748 0 2 11 1 2735 1017 811
60971 21779.071 3600 136583 132218 110693 21529 0 7 2 0 5675 1319 670
60971 25379.071 3600 134123 131755 114859 16906 1 3 9 1 3344 990 598
60971 28979.071 3600 135220 134877 118444 16436 0 7 2 0 838 504 506
60971 32579.071 3600 131498 127575 109891 17691 0 5 5 2 4883 972 1087
60971 36179.071 3600 136159 131452 110524 20936 0 6 7 0 5612 918 1034
60971 39779.071 3600 129413 126480 106007 20476 0 30 1 2 3315 415 893
60971 43379.071 3600 133057 125231 102289 22943 0 25 0 1 9020 1220 840
60971 46979.071 3600 132570 130294 108456 21846 0 23 0 8 2666 421 669
60971 50579.071 3600 128550 126557 106176 20382 0 20 0 1 2897 925 861
60971 54179.071 3600 131252 130744 106609 24137 0 12 2 0 1316 822 736
60971 57779.071 3600 148932 147293 120563 26732 0 17 2 0 3259 1639 876
60971 61379.071 3600 140070 133714 113155 20563 0 35 1 1 7117 798 5512
60971 64979.071 3600 142819 142156 116444 25715 0 15 3 0 1671 1026 1003
60971 68579.071 3600 135313 132798 108600 24201 0 16 0 0 3193 694 1129
60971 72179.071 3600 144977 141879 120511 21372 0 21 1 2 3892 818 907
60971 75779.071 3600 142373 140050 116480 23577 0 5 2 5 3001 690 1230
60971 79379.071 3600 154383 143884 119353 24532 0 84 1 0 11502 1088 1293
60971 82979.071 3600 144378 143570 119341 24231 0 7 2 0 1654 855 1029
60972 179.071 3600 139772 137810 112223 25599 0 6 4 7 3080 1135 667
60972 3779.071 3600 150925 146351 118823 27531 1 13 3 0 5498 941 913
60972 7379.071 3600 132918 130953 106811 24184 1 59 2 6 2651 754 870
60972 10979.071 3600 142947 128772 104630 24151 0 58 7 2 14574 466 813
60972 14579.071 3600 121980 118356 96629 21729 0 35 1 0 3950 362 930
60972 18179.071 3600 147792 147262 128584 18678 0 1 0 0 1051 522 872
60972 21779.071 3600 128942 127130 112086 15045 0 5 0 1 2590 784 487
60972 25379.071 3600 125990 123637 109492 14152 0 16 1 6 2933 603 356
60972 28979.071 3600 133304 131053 116476 14583 0 10 6 0 3170 935 579
60972 32579.071 3600 122508 121977 108287 13691 0 1 1 0 1140 611 773
60972 36179.071 3600 141821 139153 122310 16844 0 20 1 0 3422 775 1088
60972 39779.071 3600 134519 133827 110882 22971 0 3 25 1 1400 737 778
60972 43379.071 3600 139227 135954 112572 23384 0 6 0 2 3583 318 920
60972 46979.071 3600 152049 148491 121993 26512 0 11 8 5 7641 4107 899
60972 50579.071 3600 139230 136401 112335 24076 0 26 5 4 3648 854 868
60972 54179.071 3600 134356 132346 111655 20691 0 1 0 0 2805 796 2626
60972 57779.071 3600 143840 139815 111724 28095 0 2 4 0 5040 1021 783
60972 61379.071 3600 162161 156543 127393 29159 0 6 5 4 6582 979 1099
60972 64979.071 3600 122760 121290 102450 18840 0 10 0 0 2107 647 677
60972 68579.071 3600 152311 151094 126032 25428 0 21 363 3 1343 513 847
60972 72179.071 3600 136719 127162 103494 23671 0 10 3 0 10160 616 589
60972 75779.071 3600 129450 129019 109139 19881 1 61 1 0 916 548 766
60972 79379.071 3600 134839 133937 112070 21871 0 10 2 2 1584 696 610
60972 82979.071 3600 132778 130091 104558 25546 0 40 13 0 3337 703 1366
60973 179.071 3600 130830 123855 102165 21694 0 1 3 0 7561 590 605
60973 3779.071 3600 132973 128605 102643 25971 0 20 8 1 4859 520 756
60973 7379.071 3600 131256 128106 104189 23920 0 6 1 1 3858 716 3638
60973 10979.071 3600 118431 117994 96987 21010 0 21 2 1 1057 644 947
60973 14579.071 3600 147317 124984 104366 20620 0 144 1 1 23000 813 720
60973 18179.071 3600 125395 123951 107233 16719 0 2 1 0 2160 719 792
60973 21779.071 3600 124358 118503 102031 16476 0 19 2 2 6529 697 853
60973 25379.071 3600 130471 129614 114101 15516 0 25 2 1 1670 841 813
60973 28979.071 3600 117621 117519 104437 13085 0 2 3 0 739 642 763
60973 32579.071 3600 135819 132065 117797 14269 0 44 1 0 4145 436 949
60973 36179.071 3600 113620 111644 98815 12830 0 5 1 0 2872 902 823
60973 39779.071 3600 127079 124169 105898 18277 0 16 2 1 3185 294 647
60973 43379.071 3600 125617 123500 104466 19041 0 1 3 4 3270 1161 823
60973 46979.071 3600 139568 135883 111341 24576 1 6 30 3 4698 1037 922
60973 50579.071 3600 128535 126522 105660 20866 0 6 3 1 2703 700 770
60973 54179.071 3600 145725 142335 106785 35559 0 14 7 1 4761 1393 1300
60973 57779.071 3600 164696 161049 118441 42612 1 15 2 2 4355 728 1443
60973 61379.071 3600 164437 162443 120918 41528 0 3 0 2 2933 944 1950
60973 64979.071 3600 110998 109715 91094 18627 0 40 5 1 1806 569 798
60973 68579.071 3600 159089 146579 122585 23996 0 5057 2 0 8399 948 1233
60973 72179.071 3600 132793 129096 104949 24148 0 11 0 0 4553 867 813
60973 75779.071 3600 129835 128633 104479 24160 0 73 3 3 1786 663 807
60973 79379.071 3600 141333 135087 112103 22989 0 21 1 4 6895 675 1091
60973 82979.071 3600 145779 140738 115764 24978 0 9 3 1 5836 808 704
60974 179.071 3600 132291 130443 107734 22713 0 32 2 1 2507 694 704
60974 3779.071 3600 137427 134907 112580 22328 1 2 1 0 3202 686 733
60974 7379.071 3600 145110 141135 118800 22338 0 10 0 3 4583 621 1044
60974 10979.071 3600 139525 135586 111934 23656 0 2 2 2 4687 754 1181
60974 14579.071 3600 128121 122657 105957 16702 0 3 0 0 6290 829 805
60974 18179.071 3600 143355 131013 111430 19585 0 3 1 1 13224 887 1091
60974 21779.071 3600 135598 134750 116793 17960 0 5 3 0 1306 466 673
60974 25379.071 3600 132654 131115 114216 16905 0 1 3 3 2326 794 803
60974 28979.071 3600 140620 133568 118935 14634 0 35 1 0 7393 377 619
60974 32579.071 3600 133645 133071 114572 18512 0 12 8 5 987 438 594
60974 36179.071 3600 126955 126232 112223 14011 0 10 2 0 980 269 835
60974 39779.071 3600 122594 120425 105119 15312 0 5 2 2 2825 665 594
60974 43379.071 3600 132508 124326 104772 19557 0 44 0 2 9042 906 960
60974 46979.071 3600 129228 127886 110379 17508 0 7 1 0 2047 713 970
60974 50579.071 3600 124649 121341 102677 18664 0 25 0 0 3877 594 644
60974 54179.071 3600 117909 115484 96897 18589 0 10 2 0 2767 354 808
60974 57779.071 3600 136628 131410 110685 20735 0 11 10 0 5803 606 826
60974 61379.071 3600 152853 148712 120848 27881 0 11 17 0 4790 677 2134
60974 64979.071 3600 144890 128995 107289 21711 0 1 3 2 16855 966 1050
60974 68579.071 3600 158134 157074 133109 23967 0 35 2 0 1869 846 830
60974 72179.071 3600 127464 125394 104673 20726 0 12 0 5 2695 641 801
60974 75779.071 3600 150649 149034 127969 21072 1 37 1 1 2117 542 992
60974 79379.071 3600 136807 132741 111181 21567 0 1 1 6 4679 621 1584
60974 82979.071 3600 140538 137776 109189 28591 0 9 2 0 3237 486 965
60975 179.071 3600 138509 135679 111973 23710 0 9 2 0 3735 916 1326
60975 3779.071 3600 129388 124847 100496 24355 0 20 3 1 5073 556 726
60975 7379.071 3600 136325 133247 106883 26365 0 2 1 0 3717 642 1148
60975 10979.071 3600 148221 143548 117600 25954 0 12 4 2 5319 663 957
60975 14579.071 3600 126665 126572 105600 20978 0 5 1 5 555 473 892
60975 18179.071 3600 124328 123072 102596 20480 1 34 4 0 1827 610 826
60975 21779.071 3600 127920 118299 101449 16859 0 21 0 9 10248 657 608
60975 25379.071 3600 107322 106955 94616 12347 0 13 5 0 710 361 587
60975 28979.071 3600 127569 126262 110732 15530 0 5 0 0 2252 950 832
60975 32579.071 3600 128060 127910 114447 13463 0 15 0 0 678 543 525
60975 36179.071 3600 128184 126279 107531 18749 1 11 1 0 2354 462 775
60975 39779.071 3600 126725 124996 108006 16994 0 14 0 2 2331 618 417
60975 43379.071 3600 134345 132176 111531 20664 1 7 15 4 2761 619 904
60975 46979.071 3600 138199 131107 111997 19111 1 21 0 0 8880 1810 856
60975 50579.071 3600 138059 133462 111496 21967 0 10 0 1 5129 543 689
60975 54179.071 3600 147505 135842 114960 20883 0 9 0 0 12319 665 880
60975 57779.071 3600 142736 138045 117682 20363 1 8 0 0 5329 647 1102
60975 61379.071 3600 153318 151114 129295 21824 1 10 2 2 2876 687 524
60975 64979.071 3600 139189 138891 115960 22936 0 20 0 2 847 571 945
60975 68579.071 3600 153226 150076 119816 30264 0 19 1 0 4075 945 1073
60975 72179.071 3600 152466 149009 121668 27343 0 0 0 2 4871 1416 1557
60975 75779.071 3600 140364 138430 119758 18674 0 11 2 0 2518 597 551
60975 79379.071 3600 152480 148555 120632 27927 0 10 3 1 4557 646 959
60975 82979.071 3600 159678 156221 127303 28922 0 4 0 1 3993 541 977
60976 179.071 3600 138350 134798 109556 25261 0 37 0 19 4499 1003 1201
60976 3779.071 3600 138889 133666 112452 21216 0 36 1 1 6082 897 844
60976 7379.071 3600 129381 126292 98495 27803 0 6 0 6 3756 679 991
60976 10979.071 3600 147365 138467 116740 21735 0 23 8 0 9278 411 702
60976 14579.071 3600 132258 127348 107149 20201 0 9 1 1 5744 845 704
60976 18179.071 3600 123004 116515 98922 17599 0 4 2 0 7099 616 782
60976 21779.071 3600 142519 140969 122272 18700 0 37 3 0 2369 859 816
60976 25379.071 3600 120297 116563 98971 17598 0 7 5 0 4182 460 751
60976 28979.071 3600 123711 117703 104270 13437 0 0 3 1 6666 662 569
60976 32579.071 3600 132159 129375 109730 19651 0 6 2 4 3454 682 972
60976 36179.071 3600 128621 118485 102430 16061 0 7 4 1 10933 809 2679
60976 39779.071 3600 122209 120337 102150 18191 1 1 2 1 2351 484 529
60976 43379.071 3600 123958 120088 103676 16414 0 28 0 2 4655 815 925
60976 46979.071 3600 133181 128773 104717 24060 0 11 1 3 5199 806 998
60976 50579.071 3600 145548 144975 125637 19339 0 10 1 0 1212 650 881
60976 54179.071 3600 128347 126319 102984 23336 0 12 1 0 2758 743 753
60976 57779.071 3600 146575 139038 111193 27847 1 8 2 0 8423 897 952
60976 61379.071 3600 131435 130557 109759 20800 0 3 1 1 1522 649 526
60976 64979.071 3600 132213 128645 106885 21768 0 45 4 2 4063 546 1337
60976 68579.071 3600 142772 138423 119234 19190 0 0 0 1 5229 881 867
60976 72179.071 3600 145477 144042 118853 25190 0 24 1 0 2911 1501 1054
60976 75779.071 3600 156850 147138 118165 28990 0 23 16 0 10838 1165 1235
60976 79379.071 3600 146464 141606 117033 24576 1 29 1 0 6313 1486 1310
60976 82979.071 3600 152949 148340 125879 22464 0 8 1 2 6658 2060 990
60977 179.071 3600 133970 131175 102622 28557 0 112 4 0 3276 597 764
60977 3779.071 3600 138516 129472 103384 26093 0 10 1 4 9674 645 1103
60977 7379.071 3600 145215 143835 121386 22455 0 29 6 0 2045 700 759
60977 10979.071 3600 132665 128376 108646 19737 0 16 6 1 4937 671 790
60977 14579.071 3600 120109 119046 99639 19408 0 5 1 0 1675 618 713
60977 18179.071 3600 150020 148268 126781 21501 1 17 10 1 3038 1315 908
60977 21779.071 3600 123666 118596 98715 19882 0 126 1 0 5664 721 784
60977 25379.071 3600 124842 120974 103138 17843 0 8 0 4 5155 1299 790
60977 28979.071 3600 120484 119160 101481 17684 0 8 1 0 2040 725 808
60977 32579.071 3600 128309 126078 108215 17865 0 1 1 0 2845 616 1423
60977 36179.071 3600 127802 125494 108134 17369 0 27 1 8 2791 519 751
60977 39779.071 3600 123075 118243 102843 15401 0 22 0 1 5273 464 4431
60977 43379.071 3600 122514 120384 98148 22239 0 2 0 3 2576 451 896
60977 46979.071 3600 137645 129958 109286 20677 0 8 4 0 9512 1837 746
60977 50579.071 3600 146429 145586 124426 21164 0 2 0 3 1703 865 687
60977 54179.071 3600 142015 140676 113581 27108 0 15 12 1 2500 1189 630
60977 57779.071 3600 148033 140054 113659 26399 0 2 2 2 8828 855 755
60977 61379.071 3600 140397 139406 115129 24279 0 26 0 0 1443 478 718
60977 64979.071 3600 133623 132886 108332 24555 0 17 0 0 1132 412 746
60977 68579.071 3600 134731 134304 113311 20994 0 5 1 0 880 459 643
60977 72179.071 3600 142763 139793 114610 25183 0 35 0 0 3772 837 1220
60977 75779.071 3600 153632 140235 113691 27169 0 609 22 0 13798 1032 614
60977 79379.071 3600 159611 159030 120211 38945 1 116 3 8 1501 1048 807
60977 82979.071 3600 137485 134519 113310 21211 0 0 1 1 3652 688 669
60978 179.071 3600 141423 141366 109885 31487 1 1 6 0 1638 1589 885
60978 3779.071 3600 155151 153405 126834 26572 0 7 0 0 2340 601 656
60978 7379.071 3600 143330 141362 113929 27437 0 6 2 1 2597 638 685
60978 10979.071 3600 129224 128596 105020 23583 0 9 0 7 1365 753 1771
60978 14579.071 3600 129517 123387 103000 20389 0 2 2 0 6982 856 793
60978 18179.071 3600 137114 134915 116509 18412 0 10 6 0 3149 966 878
60978 21779.071 3600 128902 127628 108229 19403 0 2 4 0 1887 619 1361
60978 25379.071 3600 131290 129013 111670 17343 0 131 0 0 2709 563 1091
60978 28979.071 3600 136611 133471 114295 19186 0 11 9 0 3774 654 718
60978 32579.071 3600 134827 131372 112481 18898 0 18 5 2 4417 987 1246
60978 36179.071 3600 136180 134227 118217 16027 0 14 1 14 2373 449 596
60978 39779.071 3600 133389 125073 109546 15528 1 3 0 1 9070 759 852
60978 43379.071 3600 131182 124892 101227 23668 0 8 3 0 7017 738 678
60978 46979.071 3600 128240 126766 100875 25895 0 15 2 2 1895 439 1066
60978 50579.071 3600 139679 136610 112757 23860 0 13 5 2 4444 1395 643
60978 54179.071 3600 142817 140170 116965 23211 0 0 6 0 3655 1014 964
60978 57779.071 3600 156036 147546 122183 25363 0 0 0 0 10154 1664 881
60978 61379.071 3600 163728 162916 136473 26445 0 3 1 1 1729 922 714
60978 64979.071 3600 146088 145075 115148 29931 0 27 1 1 2290 1306 1040
60978 68579.071 3600 137912 136721 114401 22321 0 10 1 0 2495 1315 815
60978 72179.071 3600 151062 147651 116000 31658 0 4 4 2 4758 1357 738
60978 75779.071 3600 148421 145508 120929 24587 1 7 8 0 3862 965 1045
60978 79379.071 3600 140683 139633 114268 25375 1 2 1 9 2154 1117 851
60978 82979.071 3600 144303 141095 112275 28823 0 12 1 2 4194 1001 558
60979 179.071 3600 137869 136695 110594 26103 1 17 1 0 2445 1290 1553
60979 3779.071 3600 146865 144957 117048 27917 0 20 6 2 2706 826 879
60979 7379.071 3600 135182 132381 109185 23198 0 7 2 0 3435 643 890
60979 10979.071 3600 136806 134570 110834 23745 0 33 6 0 3119 922 749
60979 14579.071 3600 145223 144463 120540 23923 0 114 0 0 1842 1196 914
60979 18179.071 3600 124604 120485 101314 19171 1 5 0 0 5287 1174 3672
60979 21779.071 3600 150238 138937 120204 18742 0 7 5 4 12069 784 815
60979 25379.071 3600 138145 135745 118249 17498 0 1 1 1 3424 1027 724
60979 28979.071 3600 131639 131169 115765 15405 0 26 0 1 1091 648 612
60979 32579.071 3600 109020 108127 93523 14614 0 20 10 0 2176 1313 1086
60979 36179.071 3600 120185 116877 97749 19134 0 16 0 5 4370 1083 525
60979 39779.071 3600 131004 129107 111306 17808 0 1 3 4 2671 782 653
60979 43379.071 3600 136423 134215 114108 20124 0 65 15 2 3428 1302 1190
60979 46979.071 3600 143665 142769 113795 28976 1 0 2 0 2136 1243 1088
60979 50579.071 3600 140903 136322 116050 20274 0 3 2 0 5386 810 600
60979 54179.071 3600 138389 133953 110596 23361 1 5 1 3 5618 1192 836
60979 57779.071 3600 136645 136025 108287 27756 1 6 7 11 1795 1200 1025
60979 61379.071 3600 130982 129771 107358 22415 0 2 1 1 2303 1096 812
60979 64979.071 3600 140687 137295 109972 27323 0 0 0 0 4125 733 704
60979 68579.071 3600 148308 138427 120790 17639 0 5 0 2 11028 1154 747
60979 72179.071 3600 144474 139748 119549 20215 0 3 1 14 5782 1074 903
60979 75779.071 3600 144945 138867 112779 26099 0 2 3 6 6641 574 5189
60979 79379.071 3600 134948 134236 111321 22919 0 8 2 2 1175 475 867
60979 82979.071 3600 135096 135072 114237 20841 2 1 6 0 227 212 721
