60980 179.071 3600 130341 128637 109438 19207 0 19 5 0 2485 805 730
60980 3779.071 3600 136310 133293 111683 21610 0 11 0 0 3878 872 939
60980 7379.071 3600 136746 133022 111180 21842 0 8 0 0 4454 738 1215
60980 10979.071 3600 139160 132833 108196 24639 0 7 0 2 7008 690 735
60980 14579.071 3600 143124 140018 118509 21511 0 0 0 2 4426 1322 856
60980 18179.071 3600 135177 131467 112570 18902 0 43 4 1 4643 981 1012
60980 21779.071 3600 124124 122940 101469 21473 0 13 1 1 1507 338 692
60980 25379.071 3600 125949 121900 109233 12672 0 21 4 1 4812 789 502
60980 28979.071 3600 145700 142987 127312 15677 0 17 0 0 3581 885 895
60980 32579.071 3600 124073 122615 106581 16037 0 12 2 0 2357 913 689
60980 36179.071 3600 122530 118870 107033 11841 1 14 1 1 4188 545 465
60980 39779.071 3600 124852 124171 110974 13263 0 57 6 3 1012 397 944
60980 43379.071 3600 124774 123205 108025 15185 0 1 5 0 2132 569 563
60980 46979.071 3600 130802 125885 110259 15626 0 10 0 0 6600 1693 900
60980 50579.071 3600 127542 125480 107961 17532 0 1 11 2 3008 958 558
60980 54179.071 3600 129911 123129 102859 20275 0 16 2 0 7468 704 6817
60980 57779.071 3600 137683 134777 109591 25189 0 9 1 0 4176 1280 813
60980 61379.071 3600 132580 125844 102332 23514 0 15 1 0 7672 952 789
60980 64979.071 3600 144373 141970 117679 24293 0 20 1 1 3176 795 1091
60980 68579.071 3600 135215 121102 102328 18779 0 46 0 4 15088 1025 534
60980 72179.071 3600 135692 134248 114076 20187 0 12 10 5 2179 762 603
60980 75779.071 3600 130678 125151 102878 22279 0 26 0 6 7040 1545 724
60980 79379.071 3600 125343 124722 99575 25150 0 89 0 3 1770 1241 1068
60980 82979.071 3600 133734 132954 110196 22766 0 25 6 2 1887 1140 861
60981 179.071 3600 118529 116960 90555 26416 0 28 6 3 2017 485 858
60981 3779.071 3600 126501 118933 92868 26074 0 5 2 2 8502 943 1170
60981 7379.071 3600 130518 129711 104224 25491 0 25 2 0 1582 802 886
60981 10979.071 3600 126294 119557 96404 23154 0 8 1 0 7469 741 805
60981 14579.071 3600 135787 133544 107402 26147 1 7 4 0 2919 688 936
60981 18179.071 3600 122458 119364 99530 19839 0 17 3 2 3980 908 576
60981 21779.071 3600 117495 114783 98923 15864 0 3 3 0 4119 1413 739
60981 25379.071 3600 117652 116429 99723 16710 0 33 0 2 2686 1498 629
60981 28979.071 3600 152025 138474 121367 17112 0 40 4 1 15301 1795 942
60981 32579.071 3600 125802 122043 105253 16793 0 7 2 0 4099 349 487
60981 36179.071 3600 127974 127109 107708 19401 0 19 0 0 1650 804 677
60981 39779.071 3600 124979 124527 108565 15972 1 11 0 10 1247 817 833
60981 43379.071 3600 128249 119500 102294 17209 0 16 2 1 9192 462 649
60981 46979.071 3600 129828 127827 110190 17640 0 5 3 0 2480 487 793
60981 50579.071 3600 134707 132279 112022 20262 0 0 2 3 2779 356 571
60981 54179.071 3600 128804 128717 109184 19534 0 17 1 0 722 653 686
60981 57779.071 3600 145391 142619 118917 23702 0 12 0 0 4680 1920 793
60981 61379.071 3600 153030 142665 115592 27076 0 6 2 1 11328 972 840
60981 64979.071 3600 128943 124112 102009 22104 0 0 1 0 5754 924 715
60981 68579.071 3600 136383 129878 107699 22186 0 26 3 0 7232 756 1390
60981 72179.071 3600 126288 125559 102045 23521 0 7 3 3 1231 515 786
60981 75779.071 3600 142240 132339 108510 23829 0 6 0 0 10576 681 1112
60981 79379.071 3600 149742 145329 121019 24311 0 7 1 0 5206 801 758
60981 82979.071 3600 137809 136043 111532 24511 0 6 0 0 2113 353 835
60982 179.071 3600 140133 135897 113863 22040 0 25 5 1 4805 600 1770
60982 3779.071 3600 159075 129686 106724 22965 0 10 1 2 32061 2685 725
60982 7379.071 3600 136088 134668 109020 25655 0 27 2 1 2135 745 1048
60982 10979.071 3600 154708 152532 118974 33559 0 22 1 0 2631 478 1070
60982 14579.071 3600 155590 152655 119539 33121 0 10 5 0 3483 563 682
60982 18179.071 3600 159315 147058 116883 30202 0 35 0 0 13109 887 1001
60982 21779.071 3600 138542 136925 107848 29078 1 7 0 1 2020 412 548
60982 25379.071 3600 140121 138012 112950 25064 0 0 2 0 2683 576 563
60982 28979.071 3600 146712 146549 121279 25274 0 2 4 0 731 574 695
60982 32579.071 3600 150882 147623 122895 24734 0 6 1 4 4009 761 755
60982 36179.071 3600 129479 127554 106726 20837 0 6 9 0 2154 244 629
60982 39779.071 3600 139425 136997 115136 21870 0 31 6 3 3045 657 1397
60982 43379.071 3600 131571 129610 109331 20283 0 19 1 2 2689 750 539
60982 46979.071 3600 136382 134593 106000 28605 0 7 11 0 2399 628 1024
60982 50579.071 3600 142394 140319 115436 24884 0 30 1 0 3038 994 1066
60982 54179.071 3600 146841 144672 117921 26754 0 7 2 0 2929 769 950
60982 57779.071 3600 138017 135182 106778 28404 1 0 0 0 3358 524 912
60982 61379.071 3600 143544 140433 114311 26125 0 8 3 0 3782 682 1020
60982 64979.071 3600 151911 146336 115553 30785 0 15 1 0 6695 1136 845
60982 68579.071 3600 159542 157866 128852 29017 0 12 0 2 2477 815 1139
60982 72179.071 3600 146781 146237 124619 21629 0 15 10 1 1012 494 793
60982 75779.071 3600 144470 142454 118435 24019 0 7 0 0 2696 687 753
60982 79379.071 3600 169598 168323 142923 25400 0 16 0 0 2453 1194 1028
60982 82979.071 3600 146862 145882 117656 28230 1 18 3 0 1632 674 582
60983 179.071 3600 144349 143285 118513 24772 1 21 0 0 1595 553 968
60983 3779.071 3600 147287 146084 116157 29928 0 26 0 0 1588 411 805
60983 7379.071 3600 166510 160813 126954 33863 0 13 1 1 6691 1009 932
60983 10979.071 3600 147778 145397 115303 30099 0 89 1 4 2895 608 864
60983 14579.071 3600 135100 130126 102999 27128 0 2 1 0 5722 751 930
60983 18179.071 3600 132810 128886 109657 19270 1 6 41 0 4660 784 627
60983 21779.071 3600 122888 122171 103113 19059 0 12 1 0 1083 379 604
60983 25379.071 3600 129881 125074 107687 17392 0 15 0 5 5597 810 1498
60983 28979.071 3600 152559 151215 134821 16396 0 22 0 2 3194 1874 1043
60983 32579.071 3600 140405 137540 124247 13293 1 74 0 0 3328 538 629
60983 36179.071 3600 144211 141303 125664 15642 0 3 0 1 3541 637 760
60983 39779.071 3600 137598 136286 122726 13565 0 15 3 2 1815 523 584
60983 43379.071 3600 136398 133032 118632 14406 0 1 4 2 4003 644 468
60983 46979.071 3600 136724 130747 109681 21074 0 38 2 4 6821 888 687
60983 50579.071 3600 130931 127188 105093 22103 0 17 1 0 4070 345 946
60983 54179.071 3600 132806 127938 106731 21215 1 30 1 7 5456 627 751
60983 57779.071 3600 143468 134538 111030 23512 0 1 3 1 11163 2238 675
60983 61379.071 3600 137628 134205 112315 21899 0 34 1 8 4020 640 1179
60983 64979.071 3600 144217 143088 124260 18831 0 2 1 0 1776 650 656
60983 68579.071 3600 158100 152608 126741 25869 0 2 1 0 6490 1001 1180
60983 72179.071 3600 135253 132321 112957 19366 0 5 2 0 3708 783 891
60983 75779.071 3600 151745 144363 118661 25709 0 0 1 6 8524 1149 2284
60983 79379.071 3600 138450 137657 112698 24964 0 28 2 1 1588 825 1309
60983 82979.071 3600 140584 139632 116318 23318 0 6 2 2 1525 583 772
60984 179.071 3600 137047 135086 110284 24807 0 21 0 5 3460 1525 822
60984 3779.071 3600 136036 130053 109508 20572 1 6 0 27 6527 567 4716
60984 7379.071 3600 135711 132227 109121 23117 0 0 2 9 4165 692 1902
60984 10979.071 3600 145412 143442 110976 32478 0 0 10 2 2846 888 745
60984 14579.071 3600 146751 141775 119292 22487 1 8 1 0 5530 564 813
60984 18179.071 3600 131037 127312 107786 19530 1 10 0 4 4254 544 673
60984 21779.071 3600 135102 130953 107481 23473 2 87 1 0 4889 830 1035
60984 25379.071 3600 119152 115853 96292 19563 0 1 0 2 3975 679 755
60984 28979.071 3600 138393 137598 121067 16553 0 5 19 3 1187 419 450
60984 32579.071 3600 132548 131960 115664 16302 1 6 5 1 1336 761 698
60984 36179.071 3600 129175 124111 107821 16293 0 0 2 1 5768 707 625
60984 39779.071 3600 129252 125142 109348 15797 0 5 2 1 4759 657 675
60984 43379.071 3600 127372 121581 109029 12553 0 1 0 1 7164 1375 4986
60984 46979.071 3600 146826 139047 116595 22454 0 15 2 0 8591 829 1172
60984 50579.071 3600 133552 129649 106171 23481 0 10 2 1 4980 1090 1199
60984 54179.071 3600 130502 129833 107573 22265 0 6 1 4 1096 438 770
60984 57779.071 3600 141617 133642 114396 19248 0 0 2 0 8554 581 670
60984 61379.071 3600 135858 134411 111139 23275 0 8 1 2 1870 434 706
60984 64979.071 3600 146384 138610 117114 21498 0 23 2 0 8191 442 765
60984 68579.071 3600 138149 134750 114140 20611 0 27 1 0 4579 1208 564
60984 72179.071 3600 148672 144004 120597 23411 0 5 0 3 5523 863 665
60984 75779.071 3600 151260 150562 127952 22619 0 25 4 0 1408 739 1294
60984 79379.071 3600 146545 142060 118231 23831 1 11 0 2 5413 942 4765
60984 82979.071 3600 158233 154272 125296 28978 1 25 2 0 4847 914 714
60985 179.071 3600 151480 145248 115639 29610 0 5 1 0 7404 1178 738
60985 3779.071 3600 144880 141533 114388 27147 0 7 2 0 4103 765 1085
60985 7379.071 3600 145931 144400 119643 24765 0 0 1 7 2833 1310 806
60985 10979.071 3600 142070 139147 120214 18935 0 18 0 0 3833 928 726
60985 14579.071 3600 144490 144177 119891 24286 0 10 0 0 1106 803 712
60985 18179.071 3600 133479 130457 111289 19180 0 20 7 2 3326 333 624
60985 21779.071 3600 134875 129045 111344 17704 0 5 2 1 6851 1029 871
60985 25379.071 3600 136048 134385 114619 19773 0 12 5 2 2425 781 900
60985 28979.071 3600 138320 137106 121307 15802 0 5 2 1 1887 681 721
60985 32579.071 3600 151213 147703 134406 13306 0 12 9 0 5181 1692 783
60985 36179.071 3600 135133 133748 119745 14006 0 26 3 0 2011 655 1037
60985 39779.071 3600 145354 142200 125292 16913 0 10 1 4 3812 673 505
60985 43379.071 3600 129322 127545 110656 16892 0 2 3 0 2418 646 597
60985 46979.071 3600 135201 133889 112107 21785 0 9 0 2 2238 937 605
60985 50579.071 3600 156350 145117 124737 20382 0 7 2 0 11981 757 641
60985 54179.071 3600 149832 149285 122175 27113 0 21 3 0 943 420 1423
60985 57779.071 3600 156048 154580 132489 22091 1 2 0 0 2135 670 1180
60985 61379.071 3600 148620 145780 123077 22705 0 20 1 1 3329 511 837
60985 64979.071 3600 138893 134674 113313 21367 0 6 2 3 5255 1047 719
60985 68579.071 3600 148858 145832 121903 23940 0 19 7 3 3601 604 779
60985 72179.071 3600 147746 147557 126216 21343 0 6 2 0 1367 1186 1076
60985 75779.071 3600 168808 164584 138906 25687 0 11 6 0 5224 1017 1086
60985 79379.071 3600 139324 133482 115080 18405 0 14 0 3 6873 1048 1367
60985 82979.071 3600 155316 150473 127450 23025 1 11 2 0 5414 585 764
60986 179.071 3600 205093 179538 148742 30802 0 1 5 0 27449 1900 1122
60986 3779.071 3600 155132 153043 126347 26708 0 10 1 8 2741 671 1183
60986 7379.071 3600 143599 143133 118306 24830 0 5 2 1 1304 845 642
60986 10979.071 3600 140113 135066 111367 23706 0 16 3 4 5531 507 704
60986 14579.071 3600 140306 139200 113631 25574 2 5 0 1 1919 821 881
60986 18179.071 3600 134705 133505 115408 18102 0 10 5 0 1694 509 626
60986 21779.071 3600 122606 120559 105049 15513 0 26 1 2 2369 351 602
60986 25379.071 3600 125485 121270 103731 17543 0 17 1 0 4598 401 766
60986 28979.071 3600 126842 126044 109674 16374 0 17 2 1 1431 653 493
60986 32579.071 3600 137325 136603 119879 16725 0 30 0 0 1150 458 756
60986 36179.071 3600 145239 133511 115391 18123 0 31 1 1 13115 1419 1203
60986 39779.071 3600 139759 136248 121737 14513 0 0 0 2 4438 929 783
60986 43379.071 3600 131795 129621 112407 17218 2 11 3 1 3037 880 759
60986 46979.071 3600 145430 144251 122663 21592 0 0 4 0 1918 743 769
60986 50579.071 3600 130558 125844 107042 19409 0 616 1 6 4622 531 525
60986 54179.071 3600 154578 140352 119572 20905 0 143 1 3 14761 682 813
60986 57779.071 3600 143626 137043 107262 29781 1 19 0 0 7178 615 926
60986 61379.071 3600 135668 132125 107745 24383 0 5 2 1 4695 1160 974
60986 64979.071 3600 148768 146825 119729 27096 0 1 0 0 2584 642 794
60986 68579.071 3600 162562 160402 135735 24690 0 20 1 22 2761 644 650
60986 72179.071 3600 152346 136936 112836 24103 0 7 1 0 16225 823 665
60986 75779.071 3600 148089 144905 123121 21787 0 16 0 3 3518 353 614
60986 79379.071 3600 154755 152817 129205 23616 1 41 2 2 3073 1181 821
60986 82979.071 3600 138283 133201 111406 21804 0 13 8 1 5698 638 524
60987 179.071 3600 135200 132590 115341 17258 0 7 3 6 3532 938 933
60987 3779.071 3600 162472 155965 131182 24784 0 2 0 0 7634 1129 729
60987 7379.071 3600 143383 135971 111854 24121 0 0 2 2 7916 508 870
60987 10979.071 3600 131248 122230 103797 18436 0 5 0 3 9477 467 850
60987 14579.071 3600 125703 124308 105059 19319 0 5 6 64 1918 598 609
60987 18179.071 3600 142462 136494 116808 19695 0 3 2 6 7691 1734 750
60987 21779.071 3600 127238 127117 108952 18165 0 16 0 0 472 367 573
60987 25379.071 3600 137488 135491 118625 16874 0 11 3 1 2937 955 1298
60987 28979.071 3600 139926 125962 111934 14033 0 11 1 3 14850 901 960
60987 32579.071 3600 117705 114327 101458 12873 0 10 1 3 4192 828 651
60987 36179.071 3600 127790 125992 110206 15790 0 1 3 1 2119 326 580
60987 39779.071 3600 114619 113539 100629 12911 0 2 1 0 1294 217 499
60987 43379.071 3600 122890 119913 104888 15028 0 18 1 2 3841 885 441
60987 46979.071 3600 136749 131355 114482 16875 1 8 1 0 6614 1230 604
60987 50579.071 3600 124787 118772 102135 16639 0 21 1 1 6398 406 4680
60987 54179.071 3600 133299 132313 108245 24077 1 4 0 7 1893 919 1048
60987 57779.071 3600 128433 127749 110618 17145 0 5 11 3 1242 577 554
60987 61379.071 3600 130778 130485 105435 25053 2 14 2 0 789 514 845
60987 64979.071 3600 134864 133791 114151 19642 22 6 1 1 1536 493 690
60987 68579.071 3600 128510 126609 106428 20191 0 22 6 1 3067 1195 832
60987 72179.071 3600 138061 134006 110843 23165 0 11 1 0 4717 674 1024
60987 75779.071 3600 142239 140885 118023 22870 0 11 8 0 2275 940 1179
60987 79379.071 3600 143641 129120 106848 22287 0 20 11 2 15342 854 1512
60987 82979.071 3600 133869 127880 109906 17977 0 105 3 0 7091 1210 556
60988 179.071 3600 142690 134297 108044 26253 0 0 0 0 9160 767 741
60988 3779.071 3600 136615 134920 109743 25181 1 30 0 4 2361 701 946
60988 7379.071 3600 133742 132660 112952 19708 0 13 0 0 1776 707 672
60988 10979.071 3600 139881 139223 114577 24653 0 13 3 3 1203 564 847
60988 14579.071 3600 131731 129087 108085 21006 0 16 4 0 3580 956 627
60988 18179.071 3600 134118 132023 113951 18073 2 6 0 1 3071 985 1014
60988 21779.071 3600 140449 128644 110255 18394 0 6 5 0 13088 1294 627
60988 25379.071 3600 117374 112028 99174 12861 2 1 5 2 6357 1021 886
60988 28979.071 3600 117637 114228 99863 14370 0 3 4 1 4157 756 778
60988 32579.071 3600 122709 121613 106413 15203 0 1 3 0 1730 638 752
60988 36179.071 3600 145626 141888 121506 20382 0 11 0 0 4847 1120 931
60988 39779.071 3600 119133 117022 102093 14932 0 30 0 0 2488 407 599
60988 43379.071 3600 113801 113765 98771 14995 0 27 0 1 391 383 548
60988 46979.071 3600 145868 133872 111813 22064 0 22 3 2 13119 1150 643
60988 50579.071 3600 125756 123317 102814 20510 0 2 1 5 2937 506 525
60988 54179.071 3600 145451 142704 122219 20489 0 6 4 0 3570 833 806
60988 57779.071 3600 130763 128624 106126 22500 0 19 2 0 2990 872 831
60988 61379.071 3600 144729 141691 119813 21884 0 16 0 3 3897 878 556
60988 64979.071 3600 139918 135089 116039 19050 0 7 0 0 5515 693 728
60988 68579.071 3600 143170 140796 118917 21882 1 8 2 1 2673 311 1106
60988 72179.071 3600 129424 127922 105976 21948 0 0 2 0 2280 780 757
60988 75779.071 3600 146857 145325 120841 24486 0 6 2 0 2199 675 1103
60988 79379.071 3600 133516 133413 107552 25864 2 21 0 3 598 521 730
60988 82979.071 3600 128749 127333 103934 23405 0 9 2 0 1823 418 801
60989 179.071 3600 145949 145202 112601 32603 0 8 1 0 1548 810 1101
60989 3779.071 3600 150774 146448 120166 26286 0 18 0 1 7274 2967 630
60989 7379.071 3600 143787 142419 117111 25312 0 23 1 0 2837 1493 870
60989 10979.071 3600 161538 160481 130086 30405 0 19 6 4 1512 484 954
60989 14579.071 3600 146135 145212 122625 22592 0 13 0 3 1735 828 704
60989 18179.071 3600 138676 132378 113243 19142 0 5 6 1 6804 518 642
60989 21779.071 3600 144581 141983 122106 19878 0 2 1 0 3125 530 774
60989 25379.071 3600 126685 125534 107642 17897 1 5 3 2 1795 655 1370
60989 28979.071 3600 147748 141575 117658 23922 0 23 1 0 7161 1012 1777
60989 32579.071 3600 173167 131362 111587 19775 0 10 0 0 43767 1972 703
60989 36179.071 3600 130421 121612 104850 16763 0 0 1 0 9270 462 591
60989 39779.071 3600 150970 129006 114038 14969 0 1 0 0 22803 840 551
60989 43379.071 3600 139061 133009 115791 17248 1 2 27 3 6947 928 721
60989 46979.071 3600 136711 134806 113278 21534 0 11 6 0 2400 512 929
60989 50579.071 3600 140487 139389 115165 24231 0 6 6 1 1783 698 1554
60989 54179.071 3600 132684 130708 108245 22467 0 2 1 2 2691 720 798
60989 57779.071 3600 133029 132811 108661 24155 0 7 4 0 627 420 922
60989 61379.071 3600 159576 143384 119465 23923 1 14 2 1 16839 665 839
60989 64979.071 3600 149622 147236 121199 26047 0 1 4 6 3000 625 807
60989 68579.071 3600 158741 153049 129792 23267 0 12 0 10 6503 833 646
60989 72179.071 3600 154108 150543 129372 21176 0 12 2 3 4339 790 784
60989 75779.071 3600 143924 143285 117992 25301 0 0 8 0 1557 926 808
60989 79379.071 3600 136921 136591 112458 24135 0 21 2 0 836 529 656
60989 82979.071 3600 145637 143083 120472 22617 0 11 6 0 3476 939 994
60990 179.071 3600 143895 140896 113178 27724 0 7 3 3 4046 1060 899
60990 3779.071 3600 168236 158639 125755 32887 0 27 2 1 10469 902 807
60990 7379.071 3600 136317 134384 107058 27329 0 1 3 0 2516 587 594
60990 10979.071 3600 142872 140891 115087 25808 0 16 1 1 2741 778 792
60990 14579.071 3600 127362 122939 102690 20255 0 14 2 0 5176 769 605
60990 18179.071 3600 133217 131692 110232 21468 0 3 1 6 2316 801 1252
60990 21779.071 3600 139611 136530 115275 21255 0 2 0 0 4345 1266 978
60990 25379.071 3600 124594 118802 102799 16006 0 6 0 3 6979 1196 1063
60990 28979.071 3600 133375 132523 118653 13874 1 2 2 2 1750 905 494
60990 32579.071 3600 127196 122528 106313 16215 0 18 0 0 5096 446 594
60990 36179.071 3600 129508 125558 109088 16474 1 11 3 1 4672 738 790
60990 39779.071 3600 131165 120253 103604 16653 0 6 2 2 11507 605 750
60990 43379.071 3600 133984 131924 115901 16030 0 18 7 0 2886 851 793
60990 46979.071 3600 143492 139011 122009 17007 0 1 5 0 5249 774 483
60990 50579.071 3600 146071 142242 122745 19505 0 4 4 2 4233 414 669
60990 54179.071 3600 141887 139151 111794 27371 0 17 5 9 3607 902 775
60990 57779.071 3600 147631 146486 120998 25489 0 26 0 1 1955 837 984
60990 61379.071 3600 149204 147765 124775 22996 0 1 2 3 2308 875 1225
60990 64979.071 3600 147276 145636 122399 23238 0 3 1 0 1965 329 1372
60990 68579.071 3600 136363 134142 113493 20658 0 6 3 6 2772 566 776
60990 72179.071 3600 147798 146679 121711 24971 0 30 2 0 1531 444 829
60990 75779.071 3600 150766 146378 122090 24294 0 6 0 5 5220 843 851
60990 79379.071 3600 140862 139562 116165 23400 0 2 2 1 1862 567 984
60990 82979.071 3600 148952 147417 122579 24840 1 5 0 2 2652 1125 1588
60991 179.071 3600 186317 143288 120824 22474 0 21 2 6 44861 1861 675
60991 3779.071 3600 156234 153160 121728 31436 0 33 1 2 3904 866 1000
60991 7379.071 3600 127002 126421 105183 21240 0 2 0 0 889 310 695
60991 10979.071 3600 154257 151776 123576 28202 0 31 2 0 3034 586 1079
60991 14579.071 3600 134499 133382 108408 24977 0 17 1 0 1640 541 792
60991 18179.071 3600 125908 122679 106192 16492 1 11 2 3 4229 1017 1527
60991 21779.071 3600 132741 128768 107998 20772 0 16 2 0 4651 696 1128
60991 25379.071 3600 132846 130972 112314 18660 1 8 2 0 2301 438 964
60991 28979.071 3600 153785 143182 125091 18093 0 4 0 0 11565 966 1003
60991 32579.071 3600 131148 129751 114069 15683 0 8 0 1 1973 585 780
60991 36179.071 3600 131489 130869 115472 15400 0 31 3 0 1423 837 1233
60991 39779.071 3600 131950 129623 114694 14931 0 7 1 1 3059 741 729
60991 43379.071 3600 140922 138692 121074 17619 0 24 1 0 2950 745 1233
60991 46979.071 3600 152425 150826 129094 21740 0 31 7 1 2181 621 1550
60991 50579.071 3600 132796 132299 111351 20950 0 15 0 2 1385 905 901
60991 54179.071 3600 141113 139529 117417 22125 0 6 12 1 2376 811 1003
60991 57779.071 3600 156378 141195 119231 21967 1 5 0 0 15795 618 874
60991 61379.071 3600 143303 141000 114953 26054 0 12 4 1 2930 644 895
60991 64979.071 3600 139092 134259 109619 24642 0 7 2 0 5420 596 750
60991 68579.071 3600 142918 141488 122886 18605 0 12 3 0 2308 893 708
60991 72179.071 3600 135258 134315 112612 21704 0 15 1 0 1618 691 896
60991 75779.071 3600 139125 135282 116532 18752 0 2 2 0 4577 738 758
60991 79379.071 3600 156821 147160 122216 24945 0 8 1 0 10201 549 4927
60991 82979.071 3600 182831 172650 148259 24393 0 11 0 1 11020 851 1201
60992 179.071 3600 163668 157748 128459 29292 0 38 1 2 6961 1082 5104
60992 3779.071 3600 152150 147763 123416 24352 1 36 3 2 5315 970 903
60992 7379.071 3600 147428 141155 116174 24982 0 15 0 1 7635 1378 3310
60992 10979.071 3600 148234 142267 117832 24435 0 11 0 0 6651 695 779
60992 14579.071 3600 147570 141635 118392 23251 0 31 3 5 7101 1205 880
60992 18179.071 3600 133606 130719 111520 19202 0 31 2 0 3608 754 793
60992 21779.071 3600 139541 138569 117788 20784 0 2 2 1 1469 502 849
60992 25379.071 3600 123066 121409 108379 13035 0 13 1 4 1939 300 476
60992 28979.071 3600 136138 123514 106371 17143 0 33 0 0 13754 1163 1167
60992 32579.071 3600 135455 130541 115226 15318 0 8 0 0 5340 434 599
60992 36179.071 3600 148734 134651 117718 16939 0 20 3 0 15285 1225 680
60992 39779.071 3600 140302 139287 124615 14676 1 27 0 3 1623 638 671
60992 43379.071 3600 134021 133533 115409 18124 0 80 0 0 924 516 594
60992 46979.071 3600 147911 146244 123211 23037 1 6 2 2 2266 610 704
60992 50579.071 3600 139208 138185 116072 22117 0 18 4 0 1331 330 696
60992 54179.071 3600 147278 143759 119786 23973 0 47 0 0 4308 836 806
60992 57779.071 3600 148320 144462 117926 26548 0 37 2 3 4607 791 815
60992 61379.071 3600 142421 137199 109994 27212 0 8 1 0 6342 1129 605
60992 64979.071 3600 149017 147666 125156 22513 0 3 1 0 2104 757 905
60992 68579.071 3600 141237 140313 111214 29100 0 5 0 0 1524 605 862
60992 72179.071 3600 142115 141828 113117 28715 0 18 0 3 991 725 1040
60992 75779.071 3600 142950 140059 121013 19050 1 14 0 1 3813 938 2426
60992 79379.071 3600 171540 161955 140046 21916 0 14 7 0 10317 753 681
60992 82979.071 3600 151141 145672 115020 30657 0 20 4 1 6021 577 1060
60993 179.071 3600 138763 133973 109239 24739 1 32 2 2 5154 401 921
60993 3779.071 3600 160164 153185 124144 29043 0 14 2 0 7359 396 1140
60993 7379.071 3600 145187 144202 120744 23461 0 0 2 1 1936 954 936
60993 10979.071 3600 146403 139377 118258 21122 0 0 3 0 7471 448 784
60993 14579.071 3600 133042 132226 108342 23884 0 11 0 0 1957 1152 887
60993 18179.071 3600 131767 130808 112150 18660 0 15 0 2 1839 897 725
60993 21779.071 3600 132887 130197 113040 17164 0 34 1 6 3198 549 616
60993 25379.071 3600 138825 128940 114195 14749 1 16 3 1 11020 1156 622
60993 28979.071 3600 140971 133399 114296 19103 0 0 0 0 8081 509 615
60993 32579.071 3600 187822 144305 129236 15073 4 15 3 1 45532 2038 804
60993 36179.071 3600 130644 128128 114472 13658 0 26 2 0 2971 483 1022
60993 39779.071 3600 133303 131381 113461 17924 0 5 1 3 2828 915 556
60993 43379.071 3600 124019 122330 106115 16217 0 20 2 0 2102 435 610
60993 46979.071 3600 129898 128213 110213 18009 0 12 5 0 2301 633 666
60993 50579.071 3600 126989 125664 102100 23566 0 22 1 0 1852 550 744
60993 54179.071 3600 140920 137179 111937 25242 0 15 0 0 4634 908 2781
60993 57779.071 3600 138358 137777 113757 24025 1 3 2 3 1085 513 668
60993 61379.071 3600 139085 136281 107062 29229 0 16 9 0 3570 791 691
60993 64979.071 3600 144186 142027 121448 20579 0 27 0 0 2985 853 729
60993 68579.071 3600 152523 150907 127678 23232 0 25 2 1 1914 326 823
60993 72179.071 3600 139299 136267 113577 22694 0 13 4 0 3640 625 666
60993 75779.071 3600 139376 136036 115035 21005 0 20 0 4 4326 1010 924
60993 79379.071 3600 157243 157201 125682 31525 1 20 1 0 266 246 982
60993 82979.071 3600 146942 144851 119788 25066 0 12 1 0 2926 848 669
60994 179.071 3600 142092 140575 119756 20820 0 5 1 0 2488 977 931
60994 3779.071 3600 154127 150120 129251 20874 0 31 1 4 4402 431 815
60994 7379.071 3600 164003 155924 131841 24085 0 13 1 0 9200 1135 1397
60994 10979.071 3600 133240 127185 108273 18912 0 60 0 0 6897 902 829
60994 14579.071 3600 131181 128437 106932 21509 0 6 1 3 3526 792 1289
60994 18179.071 3600 144098 134810 114106 20708 0 38 0 2 9802 554 1030
60994 21779.071 3600 125607 121735 104145 17591 0 8 1 0 4439 576 716
60994 25379.071 3600 112625 110676 95135 15543 0 6 0 1 2453 511 2376
60994 28979.071 3600 118646 116954 103068 13888 0 10 1 1 2235 555 623
60994 32579.071 3600 125382 121178 107883 13298 0 36 2 1 4715 550 1132
60994 36179.071 3600 136354 135213 120987 14236 0 0 2 8 2496 1365 789
60994 39779.071 3600 132205 125503 111386 14120 0 6 0 1 7085 390 674
60994 43379.071 3600 117849 116445 102171 14276 0 21 1 1 2534 1153 547
60994 46979.071 3600 121939 120589 101447 19145 0 19 0 0 1981 650 806
60994 50579.071 3600 155682 151631 132244 19400 0 2 3 10 4854 818 722
60994 54179.071 3600 147935 142023 119651 22381 1 1 9 0 6386 485 727
60994 57779.071 3600 135342 129202 109611 19593 0 8 2 0 7067 937 610
60994 61379.071 3600 143538 137917 115538 22382 0 0 3 0 6713 1095 1892
60994 64979.071 3600 140348 138776 112164 26615 0 21 2 0 2555 1006 2340
60994 68579.071 3600 142725 139021 111090 27933 0 17 0 0 4384 697 711
60994 72179.071 3600 146325 145020 123293 21728 0 5 1 0 1983 684 1131
60994 75779.071 3600 147917 147204 121252 25953 0 9 1 0 1982 1279 677
60994 79379.071 3600 142275 126698 105912 20788 1 17 1 0 16161 603 966
60994 82979.071 3600 138699 134457 107608 26856 1 5 1 6 4906 677 1191
60995 179.071 3600 129909 127954 104739 23217 1 16 0 1 2711 774 705
60995 3779.071 3600 133044 129630 106516 23116 1 14 0 2 4088 691 690
60995 7379.071 3600 151512 139673 118009 21664 1 5 0 0 14191 2358 678
60995 10979.071 3600 138655 136005 111665 24347 0 13 7 0 3345 715 915
60995 14579.071 3600 126388 126102 104160 21951 4 7 0 9 807 541 622
60995 18179.071 3600 132028 128907 112126 16785 1 19 4 0 3463 366 868
60995 21779.071 3600 135731 133094 114133 18967 2 12 4 2 3285 668 570
60995 25379.071 3600 136076 130624 112861 17779 0 23 5 10 7113 1699 763
60995 28979.071 3600 131881 130171 115256 14918 0 5 3 0 2525 823 751
60995 32579.071 3600 127821 126498 110025 16476 0 7 1 1 2155 841 655
60995 36179.071 3600 132076 128587 115415 13173 0 13 1 0 4393 918 739
60995 39779.071 3600 122258 120423 104689 15737 0 0 3 0 2405 573 665
60995 43379.071 3600 126590 124566 110876 13690 1 15 0 0 2755 747 659
60995 46979.071 3600 129878 128680 112577 16105 0 17 2 0 1819 640 737
60995 50579.071 3600 130712 128487 108058 20430 1 1 0 1 2914 692 729
60995 54179.071 3600 130659 129858 109447 20889 0 15 473 5 814 506 654
60995 57779.071 3600 133192 129966 106815 23168 3 11 9 3 3681 481 762
60995 61379.071 3600 137549 132873 111444 21441 1 8 6 6 5119 464 663
60995 64979.071 3600 146686 144559 123166 21399 1 11 5 0 2870 760 1477
60995 68579.071 3600 145269 144843 115996 28862 0 84 0 15 997 670 1204
60995 72179.071 3600 129818 128442 107897 20547 0 5 2 0 1783 414 833
60995 75779.071 3600 144487 143451 118308 25147 0 2 3 1 1720 690 971
60995 79379.071 3600 135931 127253 105920 21339 0 162 6 0 9112 602 693
60995 82979.071 3600 143472 137985 113086 24902 0 3 0 2 6343 861 1856
60996 179.071 3600 138562 133656 108339 25320 0 6 2 0 5929 1031 930
60996 3779.071 3600 136230 134886 107354 27534 0 37 1 0 1564 258 916
60996 7379.071 3600 143915 142158 122137 20027 0 6 6 0 2626 881 847
60996 10979.071 3600 135994 132338 112594 19747 0 41 2 0 4521 908 632
60996 14579.071 3600 117217 115575 97493 18086 0 5 2 2 1903 270 564
60996 18179.071 3600 122547 121438 101547 19892 0 24 1 0 1896 812 1170
60996 21779.071 3600 146898 145047 123701 21380 0 7 33 1 2801 991 617
60996 25379.071 3600 143699 125657 104106 21769 0 233 1 1 18578 771 978
60996 28979.071 3600 138949 121503 103320 18690 0 516 2 1 17695 768 892
60996 32579.071 3600 128458 125487 108941 16553 0 11 1 2 3860 903 700
60996 36179.071 3600 120541 119188 106950 12239 0 70 1 0 1704 422 665
60996 39779.071 3600 132234 128630 112141 16496 0 23 2 2 4459 882 1007
60996 43379.071 3600 142459 134033 115518 18570 0 63 1 2 9373 1013 5739
60996 46979.071 3600 143356 142226 120392 21837 2 10 3 0 1474 359 601
60996 50579.071 3600 155380 149628 131396 18247 0 6 15 0 6818 1086 779
60996 54179.071 3600 143030 142347 121418 20933 0 14 1 0 1108 440 675
60996 57779.071 3600 145802 144640 121078 23564 1 6 1 1 1704 551 684
60996 61379.071 3600 135465 134774 111398 23378 0 19 1 0 1082 411 965
60996 64979.071 3600 144393 140546 121250 19296 0 6 0 0 4482 641 1061
60996 68579.071 3600 136033 134616 113776 20847 0 8 1 4 1899 495 655
60996 72179.071 3600 155419 153171 130170 23005 0 20 4 0 3074 850 905
60996 75779.071 3600 147491 145620 125553 20069 1 23 1 0 2493 647 789
60996 79379.071 3600 145180 142451 121711 20742 0 6 1 0 3092 370 753
60996 82979.071 3600 158376 157234 133267 23970 1 3 1 0 1551 414 788
60997 179.071 3600 146925 145542 116000 29544 0 28 0 0 2030 675 1408
60997 3779.071 3600 153424 141512 114662 26858 0 1 5 3 12883 980 931
60997 7379.071 3600 148617 145043 120903 24140 0 17 0 0 3999 442 946
60997 10979.071 3600 138294 134380 108988 25398 0 25 5 1 4572 689 763
60997 14579.071 3600 129798 128207 104231 23979 1 51 1 2 2062 526 994
60997 18179.071 3600 145746 134475 114464 20012 1 17 1 0 11956 704 524
60997 21779.071 3600 140327 138125 121718 16415 0 4 1 4 2901 708 545
60997 25379.071 3600 140312 137808 121625 16190 0 5 1 6 2925 427 683
60997 28979.071 3600 138225 137336 120387 16952 0 20 3 0 1550 684 802
60997 32579.071 3600 131244 130261 114185 16078 0 11 1 1 1577 607 806
60997 36179.071 3600 142147 138483 122836 15649 0 12 0 2 4161 511 582
60997 39779.071 3600 123227 120004 103681 16325 0 10 2 0 3927 716 835
60997 43379.071 3600 127892 124694 109313 15382 0 36 0 1 3937 776 616
60997 46979.071 3600 151108 147674 127063 20641 0 6 0 30 5228 1830 654
60997 50579.071 3600 137247 135949 114873 21079 0 1 3 0 1645 351 603
60997 54179.071 3600 158330 155459 133279 22195 0 12 2 10 3280 433 1182
60997 57779.071 3600 142542 142094 119281 22816 0 2 2 1 1306 863 918
60997 61379.071 3600 134282 131746 115087 16660 0 17 1 0 3045 527 474
60997 64979.071 3600 152363 150547 129215 21332 0 6 0 0 2394 584 648
60997 68579.071 3600 132927 132600 111820 20783 2 29 1 0 839 544 582
60997 72179.071 3600 143768 141795 117832 23966 0 1 3 0 2854 885 976
60997 75779.071 3600 134443 132879 110743 22140 2 6 1 3 2447 895 774
60997 79379.071 3600 154647 153323 132870 20453 0 6 0 0 2401 1083 556
60997 82979.071 3600 138037 137137 117757 19380 1 6 0 0 1908 1015 733
60998 179.071 3600 144962 140096 118336 21765 0 7 2 1 5300 444 562
60998 3779.071 3600 150433 147623 119215 28416 0 25 1 3 3299 518 759
60998 7379.071 3600 136656 135689 114116 21577 0 9 1 0 1609 652 1102
60998 10979.071 3600 159918 157266 131654 25613 0 5 1 0 3344 698 1014
60998 14579.071 3600 120031 119146 101421 17729 0 0 2 2 1673 792 1108
60998 18179.071 3600 128163 125807 106908 18900 0 7 1 0 3066 718 875
60998 21779.071 3600 144594 133556 116547 17011 0 10 0 0 11525 497 961
60998 25379.071 3600 151005 146275 129840 16439 0 7 4 0 5284 565 896
60998 28979.071 3600 128862 127533 109952 17583 0 0 0 2 1592 265 615
60998 32579.071 3600 139016 128762 112978 15785 0 45 0 0 11206 997 841
60998 36179.071 3600 145010 139320 124559 14766 1 13 0 3 6375 702 552
60998 39779.071 3600 147098 145286 124686 20615 0 1 3 12 2715 919 845
60998 43379.071 3600 151624 146144 124916 21231 0 9 3 0 5974 506 552
60998 46979.071 3600 144372 140693 117915 22784 0 20 0 2 3898 241 2767
60998 50579.071 3600 149069 146724 125351 21376 0 51 0 0 2956 662 884
60998 54179.071 3600 154043 152738 134733 18009 0 20 2 0 1753 470 849
60998 57779.071 3600 150145 145600 123786 21820 0 25 2 4 5575 1061 832
60998 61379.071 3600 160387 159083 134697 24386 0 5 0 0 1707 408 743
60998 64979.071 3600 157870 157178 125775 31407 0 0 2 2 1455 767 1104
60998 68579.071 3600 172073 160466 133533 26933 0 22 0 0 12881 1296 800
60998 72179.071 3600 156595 154260 130349 23923 0 2 11 1 3210 889 828
60998 75779.071 3600 163209 156268 129648 26636 0 19 5 11 7894 988 903
60998 79379.071 3600 147874 147212 124192 23021 1 41 1 0 1189 570 786
60998 82979.071 3600 162093 156654 135566 21094 0 0 1 5 6618 1185 1039
60999 179.071 3600 152922 147314 122330 25003 0 0 19 0 6074 485 1016
60999 3779.071 3600 145992 145185 117765 27428 0 16 7 0 1307 523 1061
60999 7379.071 3600 149929 146761 124044 22718 0 1 0 0 3816 649 798
60999 10979.071 3600 136705 134745 112631 22115 0 33 1 0 2293 367 624
60999 14579.071 3600 136489 133497 111235 22262 0 1 0 0 3795 804 721
60999 18179.071 3600 140699 133954 113869 20088 0 0 2 1 7341 599 822
60999 21779.071 3600 147771 140738 121417 19328 0 11 5 2 7626 609 886
60999 25379.071 3600 138914 136554 115377 21182 0 11 5 0 2806 462 686
60999 28979.071 3600 123138 121647 110306 11344 0 3 3 0 2079 594 353
60999 32579.071 3600 137148 128471 110473 18003 0 6 0 5 9570 904 1442
60999 36179.071 3600 121839 120031 105841 14197 0 3 5 0 2191 391 1380
60999 39779.071 3600 136965 133004 117419 15603 0 26 18 0 4853 936 421
60999 43379.071 3600 136699 134962 114186 20777 0 7 0 0 2489 759 466
60999 46979.071 3600 134548 133315 114588 18737 0 26 7 0 1669 469 591
60999 50579.071 3600 152328 149989 129636 20362 0 1 3 6 2679 347 568
60999 54179.071 3600 143508 139819 116535 23284 0 11 0 0 4233 555 898
60999 57779.071 3600 165905 159297 127376 31923 1 12 0 2 7636 1043 1097
60999 61379.071 3600 134625 133030 113646 19385 0 6 0 1 2524 936 667
60999 64979.071 3600 147069 144418 123855 20577 0 22 5 9 3323 708 702
60999 68579.071 3600 156328 152820 131804 21019 0 23 2 0 4163 680 800
60999 72179.071 3600 144888 143409 120392 23021 0 11 0 3 1999 534 885
60999 75779.071 3600 173406 169426 142850 26577 0 6 1 0 5364 1391 1074
60999 79379.071 3600 138332 137694 117768 19929 1 7 3 0 934 307 634
60999 82979.071 3600 144560 143605 122604 21003 0 32 0 0 1715 792 668
61000 179.071 3600 131074 128434 107153 21287 0 8 3 0 3117 488 719
61000 3779.071 3600 164227 160284 130170 30118 0 16 3 0 4815 891 990
61000 7379.071 3600 142816 138285 114331 23956 0 15 1 1 5302 788 1052
61000 10979.071 3600 152172 149780 123275 26511 0 30 2 4 2921 565 882
61000 14579.071 3600 148044 144191 122634 21559 0 35 2 0 5602 1786 1010
61000 18179.071 3600 132573 130566 110136 20437 0 12 6 1 2496 508 696
61000 21779.071 3600 127866 126375 109019 17359 0 29 2 1 1782 323 597
61000 25379.071 3600 134317 130856 111629 19228 0 12 1 0 4043 595 1218
61000 28979.071 3600 150435 149543 134505 15039 1 1 0 1 1445 556 1068
61000 32579.071 3600 140601 137295 115439 21857 0 7 0 1 4551 1253 1078
61000 36179.071 3600 124828 123114 109274 13926 0 91 0 0 2399 776 713
61000 39779.071 3600 149474 147655 131339 16353 0 42 0 0 2200 423 1067
61000 43379.071 3600 136903 133902 115328 18582 0 5 5 0 3531 540 1220
61000 46979.071 3600 167481 164770 142831 21943 0 10 4 0 3438 741 981
61000 50579.071 3600 158060 156286 129581 26710 1 17 4 1 2363 612 803
61000 54179.071 3600 134306 130451 108517 21935 1 21 0 1 4149 317 932
61000 57779.071 3600 133485 131358 109362 21999 1 15 1 2 2972 864 540
61000 61379.071 3600 147058 132500 109414 23086 0 23 0 0 15914 1379 871
61000 64979.071 3600 142428 136767 114452 22318 1 21 3 0 6281 645 579
61000 68579.071 3600 149387 148754 126888 21868 0 15 2 0 1337 721 679
61000 72179.071 3600 159657 157017 126164 30854 0 4 0 1 3136 501 996
61000 75779.071 3600 155575 146904 117682 29227 1 16 4 0 9334 684 967
61000 79379.071 3600 157562 141345 115191 26158 0 31 0 1 17027 842 607
61000 82979.071 3600 153597 148074 121720 26355 1 23 0 0 6213 714 1197
61001 179.071 3600 153397 152070 125515 26556 0 1 0 0 2059 733 1651
61001 3779.071 3600 153654 152622 131131 21497 0 2 0 6 1513 489 671
61001 7379.071 3600 151184 148146 125844 22305 0 0 3 0 3713 678 779
61001 10979.071 3600 141965 140835 120673 20163 0 6 0 0 1694 570 815
61001 14579.071 3600 129109 127319 109459 17864 0 6 4 0 2658 878 537
61001 18179.071 3600 131820 130951 109426 21533 0 19 7 1 1515 673 1765
61001 21779.071 3600 135641 134041 110076 23969 1 20 2 2 2337 762 847
61001 25379.071 3600 130018 128931 112284 16651 0 1 3 1 1626 544 1180
61001 28979.071 3600 115563 113463 98938 14530 0 25 5 0 2464 394 724
61001 32579.071 3600 139182 134338 117212 17134 0 13 5 3 6542 1719 785
61001 36179.071 3600 119378 115795 104514 11281 0 7 0 0 4180 604 1243
61001 39779.071 3600 118612 116993 103308 13688 1 12 1 0 2672 1067 629
61001 43379.071 3600 139354 137872 122916 14974 0 11 18 0 1918 465 500
61001 46979.071 3600 134999 133928 114842 19187 2 29 100 0 1794 854 857
61001 50579.071 3600 140665 138329 117716 20617 0 27 2 0 2943 636 721
61001 54179.071 3600 142536 136419 114886 21536 0 5 0 3 6445 336 566
61001 57779.071 3600 131157 128722 108018 20709 1 31 5 0 3165 767 996
61001 61379.071 3600 118839 118561 98787 19779 0 10 5 0 670 407 613
61001 64979.071 3600 161475 153295 124918 28379 0 23 1 1 9186 1031 879
61001 68579.071 3600 130673 125800 106101 19701 0 5 2 0 5619 753 636
61001 72179.071 3600 156470 148756 123922 24838 0 13 2 2 8768 1071 1502
61001 75779.071 3600 141602 140359 114827 25590 0 65 1 0 1969 792 1234
61001 79379.071 3600 149923 142908 117816 25097 0 25 0 0 7910 920 1691
61001 82979.071 3600 157236 155079 130992 24094 0 15 6 0 2577 441 1160
61002 179.071 3600 146010 144644 119096 25555 0 20 0 7 2131 792 1500
61002 3779.071 3600 145831 143335 111762 31574 0 20 0 1 3218 743 1354
61002 7379.071 3600 142283 139498 117034 22467 0 0 2 1 3400 618 1197
61002 10979.071 3600 135202 128998 105675 23335 0 8 9 0 6676 489 814
61002 14579.071 3600 128771 128141 106747 21396 0 12 0 2 1495 879 711
61002 18179.071 3600 133767 127533 107696 19839 0 6 2 0 7021 795 756
61002 21779.071 3600 139222 136109 116087 20026 0 6 4 0 3743 640 852
61002 25379.071 3600 136031 133281 113977 19304 0 0 0 0 4060 1310 639
61002 28979.071 3600 128154 121729 107539 14191 0 0 1 0 6976 552 489
61002 32579.071 3600 139690 136521 116952 19574 0 9 2 1 4512 1355 728
61002 36179.071 3600 144144 141839 124060 17781 0 7 1 1 3194 898 516
61002 39779.071 3600 128614 125750 107833 17950 0 44 0 0 3800 980 607
61002 43379.071 3600 132251 127272 111237 16037 2 10 2 0 5890 925 1023
61002 46979.071 3600 147441 129966 109742 20229 0 24 0 2 18486 1037 735
61002 50579.071 3600 124293 120576 99181 21402 0 64 5 2 4560 914 1158
61002 54179.071 3600 125978 119699 101657 18046 0 13 1 3 6801 539 558
61002 57779.071 3600 133141 129457 109948 19519 1 3 2 8 4377 707 515
61002 61379.071 3600 153212 148955 124889 24073 0 21 7 0 5232 1003 989
61002 64979.071 3600 143500 128362 104315 24051 0 49 4 0 15730 645 961
61002 68579.071 3600 150164 143344 117833 25516 0 12 4 1 7741 938 928
61002 72179.071 3600 153890 153251 123858 29397 0 8 4 0 1348 721 1083
61002 75779.071 3600 147053 144746 117406 27343 0 11 0 3 2822 529 782
61002 79379.071 3600 126379 125826 101320 24508 3 1 1 0 767 219 769
61002 82979.071 3600 130585 128540 107866 20675 0 1 1 0 2611 568 1027
61003 179.071 3600 143755 137364 108551 28815 0 6 2 0 7106 723 1102
61003 3779.071 3600 126224 124984 102630 22355 0 6 0 0 1733 499 1302
61003 7379.071 3600 169219 165130 128622 36634 0 25 123 0 5105 1164 799
61003 10979.071 3600 154264 152324 121133 31195 0 13 1 1 2665 740 818
61003 14579.071 3600 126756 123425 101840 21593 0 6 8 0 4190 873 734
61003 18179.071 3600 136159 128467 112721 15754 0 20 3 5 8314 650 5142
61003 21779.071 3600 136224 133683 112887 20812 0 9 9 5 3473 955 763
61003 25379.071 3600 123140 121663 104504 17167 0 1 4 3 2305 836 936
61003 28979.071 3600 124278 122900 109102 13798 0 11 0 0 2024 657 512
61003 32579.071 3600 128648 128500 114919 13583 2 27 1 1 832 715 580
61003 36179.071 3600 133799 132183 117204 14986 0 25 2 0 1997 408 529
61003 39779.071 3600 125158 124665 109253 15414 0 107 1 1 693 309 627
61003 43379.071 3600 134788 129426 115433 13998 0 6 0 3 5805 452 464
61003 46979.071 3600 138796 133252 112522 20767 0 49 36 1 6776 1318 3097
61003 50579.071 3600 136927 135646 113380 22273 0 43 5 0 1878 645 595
61003 54179.071 3600 151838 149428 126708 22722 1 3 1 0 3122 717 860
61003 57779.071 3600 135034 134307 109064 25248 0 0 1 4 1480 758 800
61003 61379.071 3600 158232 138841 118091 20759 0 13 2 7 20531 1162 987
61003 64979.071 3600 136940 134502 115879 18674 0 20 1 50 2996 624 665
61003 68579.071 3600 155785 151451 126743 24713 0 36 3 2 5139 846 787
61003 72179.071 3600 140183 139911 116404 23517 0 7 5 0 646 386 726
61003 75779.071 3600 136555 130118 107211 22913 0 5 6 0 7545 1119 627
61003 79379.071 3600 142991 137117 115942 21177 0 21 1 0 7141 1289 684
61003 82979.071 3600 140561 137671 107762 29910 1 10 1 0 3442 564 859
61004 179.071 3600 151995 145313 122451 22868 0 1 5 1 7309 634 567
61004 3779.071 3600 185359 175732 145825 29915 0 14 4 0 10451 842 1761
61004 7379.071 3600 138152 134826 113804 21031 0 5 3 6 4207 895 827
61004 10979.071 3600 135686 133365 114820 18549 0 17 3 1 2677 377 803
61004 14579.071 3600 147191 132686 111239 21452 0 7 1 3 15379 885 574
61004 18179.071 3600 144210 137397 118445 18954 0 0 2 0 7281 470 568
61004 21779.071 3600 131553 128687 110670 18021 0 7 1 2 3517 661 730
61004 25379.071 3600 136216 132605 114012 18612 0 6 18 1 4362 776 553
61004 28979.071 3600 139120 127961 112435 15526 0 5 0 0 11695 541 594
61004 32579.071 3600 122592 121721 107849 13875 0 10 2 1 1139 281 845
61004 36179.071 3600 130817 129566 114019 15558 0 46 10 1 1565 371 482
61004 39779.071 3600 166089 163215 147165 16051 0 1 1 0 3336 464 3449
61004 43379.071 3600 148265 146305 124520 21786 0 6 1 0 2518 565 1226
61004 46979.071 3600 133381 133116 112357 20764 6 6 3 2 607 359 1360
61004 50579.071 3600 160604 144138 121321 22825 1 40 4 4 16949 532 906
61004 54179.071 3600 151844 149214 128152 21062 6 12 0 0 3561 949 920
61004 57779.071 3600 153696 153384 132577 20810 0 14 2 1 931 636 809
61004 61379.071 3600 159453 158292 132021 26271 1 5 0 0 1673 518 756
61004 64979.071 3600 141462 140244 115946 24305 1 22 0 2 1983 790 701
61004 68579.071 3600 129524 128709 107366 21346 1 22 1 2 1279 489 764
61004 72179.071 3600 159235 143885 122733 21154 0 26 2 0 16098 776 682
61004 75779.071 3600 136872 136311 106907 29410 0 9 3 1 1106 558 1065
61004 79379.071 3600 136462 133544 112318 21238 0 12 4 8 3421 527 781
61004 82979.071 3600 136620 135756 112441 23319 0 46 2 2 1652 838 982
61005 179.071 3600 135080 133121 110267 22857 0 29 3 0 2729 802 1014
61005 3779.071 3600 140804 139993 119562 20435 0 154 3 0 1159 505 517
61005 7379.071 3600 151514 145874 119231 26652 0 4 9 0 6363 736 859
61005 10979.071 3600 141793 140987 117882 23106 0 1 1 0 1146 342 1009
61005 14579.071 3600 150260 147705 127567 20143 0 28 0 1 3015 489 1012
61005 18179.071 3600 139187 137291 115906 21388 0 21 2 1 2607 735 616
61005 21779.071 3600 126966 124967 111013 13955 2 7 0 1 2546 557 451
61005 25379.071 3600 130819 128171 112568 15605 0 16 1 0 3112 481 671
61005 28979.071 3600 136931 135003 118597 16414 1 9 2 2 2163 249 584
61005 32579.071 3600 131957 130326 114240 16096 0 21 5 5 2625 1025 814
61005 36179.071 3600 132035 130715 116445 14272 0 7 2 0 1978 667 789
61005 39779.071 3600 131288 129042 112895 16154 0 6 6 1 2853 620 713
61005 43379.071 3600 145898 138854 122817 16038 0 32 0 1 7419 408 641
61005 46979.071 3600 133093 127479 108696 18788 0 8 5 0 6203 602 586
61005 50579.071 3600 147732 147048 124398 22658 0 2 2 5 1471 796 705
61005 54179.071 3600 137630 136055 114502 21604 1 71 0 13 2270 780 1225
61005 57779.071 3600 154229 149690 126588 23111 0 1 5 3 6592 2062 788
61005 61379.071 3600 148020 144797 120644 24161 0 5 0 8 4032 822 962
61005 66543.304 3600 146363 141379 112728 28651 0 15 0 0 5695 726 950
61005 70143.304 3600 151365 150369 123560 26812 0 0 3 0 1730 737 807
61005 73743.304 3600 155621 152999 130439 22564 0 7 2 2 3347 736 739
61005 77343.304 3600 143825 140154 119692 20465 0 1 1 2 4028 361 707
61005 80943.304 3600 151069 146052 117113 28942 4 40 3 0 5632 662 1429
61005 84543.304 3600 154520 152621 123463 29163 0 49 3 0 2524 677 980
61006 1743.304 3600 150452 145176 115210 30031 0 33 64 1 7385 2148 1375
61006 5343.304 3600 152771 148482 120698 27798 0 10 14 0 4888 623 729
61006 8943.304 3600 136641 132462 110472 21991 0 0 1 0 5098 920 978
61006 12543.304 3600 140827 138847 113418 25433 1 1 3 0 2581 606 932
61006 16143.304 3600 134684 131669 113220 18456 1 6 1 6 4431 1430 694
61006 19743.304 3600 148109 144133 124987 19146 1 33 0 0 4907 965 1042
61006 23343.304 3600 133037 128759 109155 19606 1 5 1 1 5026 756 597
61006 26943.304 3600 130673 129557 112082 17476 0 6 0 0 2029 919 835
61006 30543.304 3600 139782 134469 119671 14801 0 1 2 1 5863 554 625
61006 34143.304 3600 128703 126369 111035 15348 0 32 4 3 3343 1048 1185
61006 37743.304 3600 127056 126441 112898 13546 0 36 2 1 1106 530 583
61006 41343.304 3600 146204 141338 126477 14862 0 5 1 0 5674 814 624
61006 44943.304 3600 133612 128908 109479 19431 0 2 0 2 5445 745 677
61006 48543.304 3600 130015 128013 108904 19115 0 26 6 0 2440 470 672
61006 52143.304 3600 124333 122288 103079 19212 2 28 1 0 2503 489 375
61006 55743.304 3600 127104 126047 104803 21245 0 3 0 0 1679 625 656
61006 59343.304 3600 133470 131519 107556 23963 0 6 0 0 2421 476 641
61006 62943.304 3600 144120 141474 116088 25390 5 0 4 0 3938 1301 667
61006 66543.304 3600 151443 143280 119642 23643 2 4 2 0 8796 641 1137
61006 70143.304 3600 135486 134149 111998 22153 1 18 0 1 1759 442 1225
61006 73743.304 3600 125311 120956 102816 18142 0 2 1 0 4718 366 663
61006 77343.304 3600 146256 139354 121609 17748 0 1 3 0 7692 794 1146
61006 80943.304 3600 156169 147511 125127 22384 0 42 0 0 9516 900 848
61006 84543.304 3600 127000 124089 105536 18553 0 17 0 0 3397 503 638
61007 1743.304 3600 156960 155221 129097 26128 0 12 3 0 2555 831 868
61007 5343.304 3600 140888 136840 112347 24497 0 31 2 1 4785 771 1011
61007 8943.304 3600 156745 150940 120162 30788 0 27 5 1 7325 1553 1003
61007 12543.304 3600 144701 132857 110019 22844 0 21 3 3 12464 647 892
61007 16143.304 3600 141909 140613 119848 20768 0 36 0 3 1977 720 851
61007 19743.304 3600 123677 123090 107684 15411 1 8 2 3 1365 792 480
61007 23343.304 3600 121818 121244 100849 20397 0 26 2 0 1019 473 688
61007 26943.304 3600 129525 128517 108938 19626 1 57 3 3 1798 854 577
61007 30543.304 3600 116759 112943 101670 11957 0 684 0 0 3826 694 554
61007 34143.304 3600 129323 126462 113418 13044 0 6 0 0 3748 893 551
61007 37743.304 3600 123936 121930 107362 14569 0 2 1 0 3087 1084 604
61007 41343.304 3600 129448 128971 115256 13718 0 15 2 1 1516 1057 649
61007 44943.304 3600 138215 131400 115933 15474 0 25 0 3 7663 876 514
61007 48543.304 3600 137187 133923 112784 21141 1 14 1 0 3863 615 1079
61007 52143.304 3600 146795 143361 124777 18586 0 20 0 2 4263 851 841
61007 55743.304 3600 125953 120731 101763 18970 1 15 2 0 5717 513 544
61007 59343.304 3600 138732 135362 111731 23634 0 24 1 0 3973 628 989
61007 62943.304 3600 146463 141939 115557 26382 0 25 0 0 5612 1113 835
61007 66543.304 3600 162681 155249 126608 28642 1 2 0 1 8214 786 1315
61007 70143.304 3600 141083 137768 114207 23561 0 1 0 0 3963 649 664
61007 73743.304 3600 150410 147239 120249 26993 0 18 2 1 3503 353 924
61007 77343.304 3600 140784 132021 108161 23862 0 52 1 1 9400 691 808
61007 80943.304 3600 158232 147682 119693 27991 0 12 0 0 11412 874 979
61007 84543.304 3600 131453 130289 109830 20461 0 8 1 1 1593 439 621
61008 1743.304 3600 148399 147406 123390 24032 0 26 8 8 2143 1192 858
61008 5343.304 3600 129693 127514 107082 20443 1 16 1 10 3074 915 640
61008 8943.304 3600 139904 137437 111190 26255 3 23 4 0 2997 560 1033
61008 12543.304 3600 132767 127753 103626 24130 0 11 2 0 5930 929 1066
61008 16143.304 3600 140817 139192 117318 22087 0 214 0 0 1932 521 669
61008 19743.304 3600 128068 125294 104415 21436 0 522 50 0 3280 1078 517
61008 23343.304 3600 116787 116585 102172 14416 0 1 2 1 870 672 476
61008 26943.304 3600 133035 128637 110336 18314 0 11 9 2 4815 439 1030
61008 30543.304 3600 138730 136141 120620 15528 0 2 5 0 3114 532 839
61008 34143.304 3600 130969 124628 109792 14848 1 17 12 0 7390 1079 562
61008 37743.304 3600 143845 138611 125273 13340 0 3 2 0 5773 544 593
61008 41343.304 3600 142685 139693 117267 22449 0 40 0 2 3900 950 836
61008 44943.304 3600 132399 131818 111351 20468 0 0 0 1 1153 573 720
61008 48543.304 3600 133489 132120 111948 20177 1 7 3 0 2089 731 759
61008 52143.304 3600 127816 127099 107527 19574 0 6 1 1 1468 759 708
61008 55743.304 3600 131614 127154 105884 21271 0 9 1 0 5472 1022 952
61008 59343.304 3600 133675 131226 106921 24306 0 15 1 0 3111 678 670
61008 62943.304 3600 134209 127497 105516 21985 0 3 1 0 8107 1399 1194
61008 66543.304 3600 141824 139965 115975 23992 0 5 2 0 2562 710 1071
61008 70143.304 3600 146051 144778 120702 24078 0 0 2 0 1983 712 627
61008 73743.304 3600 135996 133620 113482 20138 0 25 0 0 2802 451 543
61008 77343.304 3600 151751 146814 121504 25315 0 20 3 2 5768 856 1065
61008 80943.304 3600 128169 125338 103866 21837 0 364 2 5 3182 722 642
61008 84543.304 3600 133900 124173 101311 23231 1 388 0 1 10136 799 1866
61009 1743.304 3600 144049 138395 114238 24160 0 18 0 2 6422 788 781
61009 5343.304 3600 122163 121282 101601 19683 0 1 2 0 1247 369 730
61009 8943.304 3600 142602 141165 114851 26318 0 15 1 3 2064 646 1168
61009 12543.304 3600 135924 133667 110879 22792 0 1 3 0 3011 758 832
61009 16143.304 3600 149952 142374 122655 19723 4 1 3 0 8305 735 5679
61009 19743.304 3600 133491 125949 106927 19023 0 1 1 0 8179 639 925
61009 23343.304 3600 128349 126858 106902 19956 0 1 0 0 1964 474 861
61009 26943.304 3600 120718 116950 101047 15907 0 3 4 0 4147 386 2428
61009 30543.304 3600 141940 136003 119471 16538 0 20 5 1 6504 593 671
61009 34143.304 3600 138277 135818 122881 12940 0 32 2 0 3094 669 541
61009 37743.304 3600 118195 117548 104346 13202 0 5 0 0 1233 591 380
61009 41343.304 3600 137268 136037 120904 15137 0 17 0 3 2222 1011 631
61009 44943.304 3600 124461 123572 110217 13355 1 12 0 0 1268 392 509
61009 48543.304 3600 135949 131918 113288 18645 0 11 9 6 4640 635 672
61009 52143.304 3600 120383 118396 101890 16510 0 9 1 2 2448 473 555
61009 55743.304 3600 150182 144431 123740 20698 1 6 3 0 6375 634 749
61009 59343.304 3600 143467 138595 118401 20195 0 1 0 1 5418 548 868
61009 62943.304 3600 149157 138948 114509 24440 0 1 1 0 11393 1186 1147
61009 66543.304 3600 134333 125162 102733 22433 0 7 1 1 9822 660 605
61009 70143.304 3600 144972 143237 124985 18253 0 11 1 0 1987 264 625
61009 73743.304 3600 141069 135941 107760 28184 0 21 0 3 6151 1047 823
61009 77343.304 3600 152456 147489 117397 30097 0 8 4 0 5618 663 781
61009 80943.304 3600 162280 150535 128647 21890 0 3 2 0 12502 762 704
61009 84543.304 3600 137981 136951 110927 26026 0 27 1 0 1602 600 782
