60949 179.071 3600 3.058 10.346 0 0 0 0 496 108848 17 0 16852
60949 3779.071 3600 2.637 9.411 0 0 0 0 512 97131 14 0 16852
60949 7379.071 3600 2.996 10.202 0 0 0 0 504 107196 24 0 16852
60949 10979.071 3600 2.377 8.285 0 0 0 0 504 85799 8 0 16852
60949 14579.071 3600 2.441 7.950 0 0 0 0 512 83597 6 0 16852
60949 18179.071 3600 3.484 12.297 0 0 0 0 504 133870 15 0 16852
60949 21779.071 3600 2.821 9.328 0 0 0 0 512 100523 7 0 16852
60949 25379.071 3600 3.001 10.106 0 0 0 0 520 107916 8 0 16852
60949 28979.071 3600 2.796 9.183 0 0 0 0 536 97859 7 0 16852
60949 32579.071 3600 2.292 7.794 0 0 0 0 504 80483 11 0 16852
60949 36179.071 3600 2.856 9.239 0 0 0 0 512 99921 13 0 16852
60949 39779.071 3600 2.314 8.350 0 0 0 0 512 86946 5 0 16852
60949 43379.071 3600 2.782 9.874 0 0 0 0 528 103457 12 0 16852
60949 46979.071 3600 2.786 10.000 0 0 0 0 520 106442 12 0 16852
60949 50579.071 3600 2.849 10.454 0 0 0 0 504 108891 19 0 16852
60949 54179.071 3600 3.233 11.015 0 0 0 0 552 117565 11 0 16852
60949 57779.071 3600 2.439 9.645 0 0 0 0 528 97836 12 0 16852
60949 61379.071 3600 3.004 10.261 0 0 0 0 512 107847 7 0 16852
60949 64979.071 3600 3.454 10.519 0 0 0 0 496 120507 14 0 16852
60949 68579.071 3600 4.392 14.787 0 0 0 0 528 161165 28 0 16852
60949 72179.071 3600 4.594 13.989 0 0 0 0 512 154696 22 0 16852
60949 75779.071 3600 3.194 9.883 0 0 0 0 496 107558 19 0 16852
60949 79379.071 3600 3.366 11.695 0 0 0 0 536 123039 22 0 16852
60949 82979.071 3600 3.628 12.024 0 0 0 0 512 129409 23 0 16852
60950 179.071 3600 2.938 11.178 0 0 0 0 512 115979 19 0 16852
60950 3779.071 3600 3.108 10.349 0 0 0 0 520 109773 15 0 16852
60950 7379.071 3600 2.631 11.018 0 0 0 0 528 111407 14 0 16852
60950 10979.071 3600 2.805 10.170 0 0 0 0 512 104879 8 0 16852
60950 14579.071 3600 2.783 9.744 0 0 0 0 488 102208 9 0 16852
60950 18179.071 3600 2.823 10.005 0 0 0 0 512 106923 12 0 16852
60950 21779.071 3600 3.535 10.481 0 0 0 0 504 115879 16 0 16852
60950 25379.071 3600 2.939 10.054 0 0 0 0 480 107067 9 0 16852
60950 28979.071 3600 2.619 9.313 0 0 0 0 504 98120 13 0 16852
60950 32579.071 3600 2.475 9.080 0 0 0 0 512 94561 11 0 16852
60950 36179.071 3600 2.505 9.039 0 0 0 0 488 95998 6 0 16852
60950 39779.071 3600 2.778 9.503 0 0 0 0 520 102614 16 0 16852
60950 43379.071 3600 2.909 9.917 0 0 0 0 520 105265 10 0 16852
60950 46979.071 3600 2.777 10.144 0 0 0 0 488 108040 10 0 16852
60950 50579.071 3600 3.756 11.903 0 0 0 0 488 129190 20 0 16852
60950 54179.071 3600 3.488 11.791 0 0 0 0 488 127857 21 0 16852
60950 57779.071 3600 3.133 10.779 0 0 0 0 520 114694 15 0 16852
60950 61379.071 3600 3.418 11.019 0 0 0 0 496 119711 12 0 16852
60950 64979.071 3600 2.648 10.613 0 0 0 0 544 107330 10 0 16852
60950 68579.071 3600 2.937 10.348 0 0 0 0 512 108925 10 0 16852
60950 72179.071 3600 2.777 11.063 0 0 0 0 520 115044 18 0 16852
60950 75779.071 3600 3.200 12.078 0 0 0 0 480 134600 17 0 16852
60950 79379.071 3600 2.889 10.464 0 0 0 0 520 109242 11 0 16852
60950 82979.071 3600 2.601 10.216 0 0 0 0 512 104301 14 0 16852
60951 179.071 3600 3.577 11.335 0 0 0 0 536 123441 11 0 16852
60951 3779.071 3600 3.558 12.463 0 0 0 0 504 132295 19 0 16852
60951 7379.071 3600 3.336 10.576 0 0 0 0 520 114032 8 0 16852
60951 10979.071 3600 3.090 10.848 0 0 0 0 512 114544 14 0 16852
60951 14579.071 3600 2.921 9.279 0 0 0 0 512 99120 13 0 16852
60951 18179.071 3600 2.684 9.869 0 0 0 0 488 104019 13 0 16852
60951 21779.071 3600 3.331 10.508 0 0 0 0 472 116308 8 0 16852
60951 25379.071 3600 2.534 9.223 0 0 0 0 504 96389 13 0 16852
60951 28979.071 3600 2.710 8.745 0 0 0 0 512 93365 4 0 16852
60951 32579.071 3600 2.143 8.343 0 0 0 0 528 84357 8 0 16852
60951 36179.071 3600 2.308 9.431 0 0 0 0 512 96696 9 0 16852
60951 39779.071 3600 2.642 8.661 0 0 0 0 528 92715 12 0 16852
60951 43379.071 3600 3.053 10.344 0 0 0 0 520 111080 7 0 16852
60951 46979.071 3600 3.092 11.478 0 0 0 0 504 121230 17 0 16852
60951 50579.071 3600 2.944 10.239 0 0 0 0 504 107593 7 0 16852
60951 54179.071 3600 2.796 10.115 0 0 0 0 512 105615 7 0 16852
60951 57779.071 3600 3.453 11.315 0 0 0 0 472 121504 15 0 16852
60951 61379.071 3600 4.007 12.597 0 0 0 0 512 140475 5 0 16852
60951 64979.071 3600 3.469 11.178 0 0 0 0 520 120851 22 0 16852
60951 68579.071 3600 3.340 10.822 0 0 0 0 528 117151 9 0 16852
60951 72179.071 3600 3.536 11.774 0 0 0 0 504 128686 14 0 16852
60951 75779.071 3600 2.792 10.309 0 0 0 0 472 107674 10 0 16852
60951 79379.071 3600 3.239 10.482 0 0 0 0 472 112229 12 0 16852
60951 82979.071 3600 3.301 11.731 0 0 0 0 536 123354 13 0 16852
60952 179.071 3600 3.018 10.540 0 0 0 0 504 110506 9 0 16852
60952 3779.071 3600 3.761 10.651 0 0 0 0 512 118038 12 0 16852
60952 7379.071 3600 3.227 10.914 0 0 0 0 528 115921 7 0 16852
60952 10979.071 3600 3.215 10.197 0 0 0 0 512 110882 7 0 16852
60952 14579.071 3600 2.779 9.323 0 0 0 0 520 98508 3 0 16852
60952 18179.071 3600 2.869 9.896 0 0 0 0 480 107278 18 0 16852
60952 21779.071 3600 3.514 10.766 0 0 0 0 472 128824 15 0 16852
60952 25379.071 3600 2.673 8.791 0 0 0 0 504 92685 9 0 16852
60952 28979.071 3600 2.629 9.411 0 0 0 0 504 99059 7 0 16852
60952 32579.071 3600 2.550 9.019 0 0 0 0 528 95081 9 0 16852
60952 36179.071 3600 2.821 9.951 0 0 0 0 488 104827 7 0 16852
60952 39779.071 3600 2.597 8.865 0 0 0 0 512 95963 4 0 16852
60952 43379.071 3600 3.102 10.286 0 0 0 0 504 113325 9 0 16852
60952 46979.071 3600 2.217 9.123 0 0 0 0 496 93622 3 0 16852
60952 50579.071 3600 2.898 10.199 0 0 0 0 504 108317 8 0 16852
60952 54179.071 3600 2.771 10.234 0 0 0 0 536 106356 16 0 16852
60952 57779.071 3600 2.790 9.449 0 0 0 0 520 101608 5 0 16852
60952 61379.071 3600 2.787 9.176 0 0 0 0 504 97936 9 0 16852
60952 64979.071 3600 3.207 11.473 0 0 0 0 512 120382 10 0 16852
60952 68579.071 3600 3.374 10.889 0 0 0 0 480 117410 23 0 16852
60952 72179.071 3600 3.234 10.624 0 0 0 0 488 113862 13 0 16852
60952 75779.071 3600 3.638 13.093 0 0 0 0 488 138492 11 0 16852
60952 79379.071 3600 3.070 10.650 0 0 0 0 504 112042 16 0 16852
60952 82979.071 3600 2.736 10.758 0 0 0 0 536 108740 9 0 16852
60953 179.071 3600 3.267 11.420 0 0 0 0 512 126485 13 0 16852
60953 3779.071 3600 2.867 9.597 0 0 0 0 512 100548 9 0 16852
60953 7379.071 3600 3.538 11.724 0 0 0 0 520 125299 15 0 16852
60953 10979.071 3600 2.999 10.298 0 0 0 0 528 108751 7 0 16852
60953 14579.071 3600 2.821 11.052 0 0 0 0 504 113383 11 0 16852
60953 18179.071 3600 3.014 10.319 0 0 0 0 488 109490 12 0 16852
60953 21779.071 3600 2.633 8.520 0 0 0 0 512 89328 9 0 16852
60953 25379.071 3600 2.472 9.262 0 0 0 0 528 94431 9 0 16852
60953 28979.071 3600 2.966 10.398 0 0 0 0 520 109416 7 0 16852
60953 32579.071 3600 2.561 9.159 0 0 0 0 520 96434 5 0 16852
60953 36179.071 3600 2.704 9.121 0 0 0 0 528 96604 8 0 16852
60953 39779.071 3600 2.672 8.620 0 0 0 0 536 93748 11 0 16852
60953 43379.071 3600 2.880 8.248 0 0 0 0 504 90316 7 0 16852
60953 46979.071 3600 3.125 10.621 0 0 0 0 496 114783 7 0 16852
60953 50579.071 3600 3.076 10.024 0 0 0 0 472 108072 5 0 16852
60953 54179.071 3600 3.271 10.809 0 0 0 0 520 115791 10 0 16852
60953 57779.071 3600 3.324 10.432 0 0 0 0 528 112863 9 0 16852
60953 61379.071 3600 3.632 11.893 0 0 0 0 512 128347 11 0 16852
60953 64979.071 3600 3.509 11.637 0 0 0 0 528 124831 8 0 16852
60953 68579.071 3600 3.400 10.449 0 0 0 0 528 113943 17 0 16852
60953 72179.071 3600 3.612 10.941 0 0 0 0 536 119401 6 0 16852
60953 75779.071 3600 3.113 11.429 0 0 0 0 496 118935 16 0 16852
60953 79379.071 3600 3.605 12.148 0 0 0 0 512 130247 9 0 16852
60953 82979.071 3600 3.347 11.220 0 0 0 0 536 118737 6 0 16852
60954 179.071 3600 3.747 10.469 0 0 0 0 520 118492 12 0 16852
60954 3779.071 3600 3.050 10.669 0 0 0 0 496 112494 8 0 16852
60954 7379.071 3600 3.574 12.689 0 0 0 0 512 134979 11 0 16852
60954 10979.071 3600 3.305 11.103 0 0 0 0 512 119566 12 0 16852
60954 14579.071 3600 3.215 10.076 0 0 0 0 512 114486 12 0 16852
60954 18179.071 3600 2.784 10.308 0 0 0 0 512 109425 8 0 16852
60954 21779.071 3600 2.452 8.974 0 0 0 0 480 95192 3 0 16852
60954 25379.071 3600 2.435 8.748 0 0 0 0 488 91956 5 0 16852
60954 28979.071 3600 2.585 10.388 0 0 0 0 536 107912 11 0 16852
60954 32579.071 3600 3.134 9.413 0 0 0 0 520 104090 10 0 16852
60954 36179.071 3600 2.895 10.103 0 0 0 0 528 107275 16 0 16852
60954 39779.071 3600 2.826 10.881 0 0 0 0 512 117901 14 0 16852
60954 43379.071 3600 2.654 10.243 0 0 0 0 520 106529 14 0 16852
60954 46979.071 3600 2.807 11.015 0 0 0 0 496 114862 23 0 16852
60954 50579.071 3600 2.481 9.428 0 0 0 0 528 96650 12 0 16852
60954 54179.071 3600 2.926 10.721 0 0 0 0 544 112819 3 0 16852
60954 57779.071 3600 2.632 10.037 0 0 0 0 528 105301 13 0 16852
60954 61379.071 3600 3.458 11.250 0 0 0 0 504 122238 7 0 16852
60954 64979.071 3600 3.242 11.081 0 0 0 0 520 117260 13 0 16852
60954 68579.071 3600 3.469 12.048 0 0 0 0 512 128403 12 0 16852
60954 72179.071 3600 3.670 12.463 0 0 0 0 536 135038 16 0 16852
60954 75779.071 3600 3.422 11.697 0 0 0 0 488 125879 10 0 16852
60954 79379.071 3600 3.470 12.690 0 0 0 0 528 135144 15 0 16852
60954 82979.071 3600 2.823 10.711 0 0 0 0 512 111510 15 0 16852
60955 179.071 3600 3.137 9.907 0 0 0 0 504 107186 13 0 16852
60955 3779.071 3600 4.025 12.028 0 0 0 0 528 134396 12 0 16852
60955 7379.071 3600 3.046 11.484 0 0 0 0 504 120757 14 0 16852
60955 10979.071 3600 3.234 11.830 0 0 0 0 520 127572 19 0 16852
60955 14579.071 3600 3.454 11.469 0 0 0 0 528 124245 12 0 16852
60955 18179.071 3600 3.153 10.528 0 0 0 0 496 114251 6 0 16852
60955 21779.071 3600 3.167 12.102 0 0 0 0 480 127423 20 0 16852
60955 25379.071 3600 3.052 9.707 0 0 0 0 520 105234 7 0 16852
60955 28979.071 3600 2.997 10.136 0 0 0 0 472 108567 18 0 16852
60955 32579.071 3600 3.185 9.938 0 0 0 0 472 107986 11 0 16852
60955 36179.071 3600 2.968 11.921 0 0 0 0 480 123530 9 0 16852
60955 39779.071 3600 3.097 11.041 0 0 0 0 496 117371 10 0 16852
60955 43379.071 3600 3.254 10.965 0 0 0 0 504 117106 17 0 16852
60955 46979.071 3600 3.286 11.502 0 0 0 0 504 122943 10 0 16852
60955 50579.071 3600 3.181 11.639 0 0 0 0 504 123230 10 0 16852
60955 54179.071 3600 3.200 11.361 0 0 0 0 528 123106 4 0 16852
60955 57779.071 3600 3.445 11.421 0 0 0 0 536 123794 6 0 16852
60955 61379.071 3600 3.566 11.405 0 0 0 0 528 123353 16 0 16852
60955 64979.071 3600 3.726 12.264 0 0 0 0 488 134070 10 0 16852
60955 68579.071 3600 3.308 9.941 0 0 0 0 520 107634 13 0 16852
60955 72179.071 3600 3.856 12.209 0 0 0 0 504 132298 12 0 16852
60955 75779.071 3600 3.868 13.606 0 0 0 0 504 145438 27 0 16852
60955 79379.071 3600 3.153 10.176 0 0 0 0 504 108082 11 0 16852
60955 82979.071 3600 2.691 10.590 0 0 0 0 544 107304 8 0 16852
60956 179.071 3600 3.326 10.842 0 0 0 0 496 115079 8 0 16852
60956 3779.071 3600 3.616 12.142 0 0 0 0 512 130437 5 0 16852
60956 7379.071 3600 2.929 10.615 0 0 0 0 512 110550 11 0 16852
60956 10979.071 3600 3.123 10.873 0 0 0 0 536 115916 12 0 16852
60956 14579.071 3600 3.316 11.198 0 0 0 0 496 120540 18 0 16852
60956 18179.071 3600 3.089 9.473 0 0 0 0 536 103622 5 0 16852
60956 21779.071 3600 3.214 10.589 0 0 0 0 496 116712 11 0 16852
60956 25379.071 3600 2.942 10.820 0 0 0 0 496 113334 20 0 16852
60956 28979.071 3600 3.310 10.659 0 0 0 0 504 114853 10 0 16852
60956 32579.071 3600 2.992 9.648 0 0 0 0 520 103665 8 0 16852
60956 36179.071 3600 3.199 9.798 0 0 0 0 520 107831 10 0 16852
60956 39779.071 3600 2.901 9.461 0 0 0 0 512 102909 10 0 16852
60956 43379.071 3600 3.004 10.103 0 0 0 0 488 108114 12 0 16852
60956 46979.071 3600 3.134 9.883 0 0 0 0 480 107867 15 0 16852
60956 50579.071 3600 3.060 10.826 0 0 0 0 488 113599 12 0 16852
60956 54179.071 3600 3.335 11.134 0 0 0 0 544 119621 15 0 16852
60956 57779.071 3600 3.167 11.683 0 0 0 0 504 122469 15 0 16852
60956 61379.071 3600 3.208 10.163 0 0 0 0 528 108603 13 0 16852
60956 64979.071 3600 3.292 10.154 0 0 0 0 504 110092 17 0 16852
60956 68579.071 3600 3.288 11.481 0 0 0 0 488 121727 7 0 16852
60956 72179.071 3600 3.479 12.753 0 0 0 0 504 134589 16 0 16852
60956 75779.071 3600 3.392 11.288 0 0 0 0 496 120830 6 0 16852
60956 79379.071 3600 3.199 10.848 0 0 0 0 520 114494 10 0 16852
60956 82979.071 3600 3.756 13.025 0 0 0 0 504 139581 13 0 16852
60957 179.071 3600 3.022 12.187 0 0 0 0 512 123817 8 0 16852
60957 3779.071 3600 3.541 11.290 0 0 0 0 504 121810 14 0 16852
60957 7379.071 3600 3.572 11.776 0 0 0 0 528 126532 3 0 16852
60957 10979.071 3600 3.391 12.118 0 0 0 0 512 129403 15 0 16852
60957 14579.071 3600 2.874 9.844 0 0 0 0 512 104360 15 0 16852
60957 18179.071 3600 2.731 10.221 0 0 0 0 544 106025 16 0 16852
60957 21779.071 3600 2.895 9.577 0 0 0 0 544 102334 13 0 16852
60957 25379.071 3600 3.131 11.691 0 0 0 0 520 123403 18 0 16852
60957 28979.071 3600 3.240 11.404 0 0 0 0 520 122630 8 0 16852
60957 32579.071 3600 2.691 9.546 0 0 0 0 504 100557 16 0 16852
60957 36179.071 3600 2.854 9.740 0 0 0 0 480 105761 13 0 16852
60957 39779.071 3600 2.752 10.325 0 0 0 0 520 107905 5 0 16852
60957 43379.071 3600 2.990 11.576 0 0 0 0 528 122680 15 0 16852
60957 46979.071 3600 3.827 11.726 0 0 0 0 496 128657 10 0 16852
60957 50579.071 3600 3.006 11.617 0 0 0 0 512 122698 10 0 16852
60957 54179.071 3600 3.339 11.768 0 0 0 0 520 126091 5 0 16852
60957 57779.071 3600 3.005 11.344 0 0 0 0 496 118445 11 0 16852
60957 61379.071 3600 3.439 12.526 0 0 0 0 512 132397 11 0 16852
60957 64979.071 3600 3.465 11.770 0 0 0 0 496 125432 19 0 16852
60957 68579.071 3600 2.684 9.705 0 0 0 0 528 100554 11 0 16852
60957 72179.071 3600 3.673 11.517 0 0 0 0 504 125590 8 0 16852
60957 75779.071 3600 3.499 10.916 0 0 0 0 504 118408 13 0 16852
60957 79379.071 3600 4.121 13.653 0 0 0 0 504 149447 23 0 16852
60957 82979.071 3600 3.118 10.494 0 0 0 0 528 110258 8 0 16852
60958 179.071 3600 2.857 10.640 0 0 0 0 512 110388 9 0 16852
60958 3779.071 3600 3.524 11.334 0 0 0 0 504 121261 10 0 16852
60958 7379.071 3600 3.672 11.917 0 0 0 0 504 129280 10 0 16852
60958 10979.071 3600 2.925 10.827 0 0 0 0 520 111948 16 0 16852
60958 14579.071 3600 3.228 11.195 0 0 0 0 520 118989 13 0 16852
60958 18179.071 3600 3.021 10.509 0 0 0 0 480 110893 6 0 16852
60958 21779.071 3600 2.915 11.005 0 0 0 0 512 115404 7 0 16852
60958 25379.071 3600 3.368 10.567 0 0 0 0 512 116948 21 0 16852
60958 28979.071 3600 2.912 10.015 0 0 0 0 472 107763 19 0 16852
60958 32579.071 3600 3.523 10.417 0 0 0 0 480 122786 10 0 16852
60958 36179.071 3600 2.730 9.011 0 0 0 0 496 98574 7 0 16852
60958 39779.071 3600 2.536 9.087 0 0 0 0 512 95194 14 0 16852
60958 43379.071 3600 3.129 10.295 0 0 0 0 496 111440 4 0 16852
60958 46979.071 3600 3.383 11.418 0 0 0 0 528 123344 10 0 16852
60958 50579.071 3600 3.068 11.766 0 0 0 0 520 123740 5 0 16852
60958 54179.071 3600 2.910 10.468 0 0 0 0 536 110211 11 0 16852
60958 57779.071 3600 2.715 11.029 0 0 0 0 504 112586 5 0 16852
60958 61379.071 3600 3.735 12.447 0 0 0 0 552 134306 12 0 16852
60958 64979.071 3600 2.942 10.885 0 0 0 0 512 114620 14 0 16852
60958 68579.071 3600 3.302 11.744 0 0 0 0 496 123384 8 0 16852
60958 72179.071 3600 3.031 10.828 0 0 0 0 480 115773 7 0 16852
60958 75779.071 3600 3.753 11.132 0 0 0 0 512 122745 11 0 16852
60958 79379.071 3600 3.964 13.141 0 0 0 0 504 143879 15 0 16852
60958 82979.071 3600 3.421 12.623 0 0 0 0 528 132793 21 0 16852
60959 179.071 3600 3.200 12.571 0 0 0 0 480 130627 14 0 16852
60959 3779.071 3600 3.486 11.585 0 0 0 0 520 123630 15 0 16852
60959 7379.071 3600 4.042 13.327 0 0 0 0 520 143934 19 0 16852
60959 10979.071 3600 3.622 12.077 0 0 0 0 536 133440 10 0 16852
60959 14579.071 3600 3.293 11.966 0 0 0 0 504 127944 10 0 16852
60959 18179.071 3600 2.605 10.458 0 0 0 0 504 106581 10 0 16852
60959 21779.071 3600 3.382 10.539 0 0 0 0 496 115401 7 0 16852
60959 25379.071 3600 3.011 10.921 0 0 0 0 528 114041 7 0 16852
60959 28979.071 3600 2.949 10.606 0 0 0 0 520 110986 27 0 16852
60959 32579.071 3600 3.608 11.392 0 0 0 0 504 123516 9 0 16852
60959 36179.071 3600 3.076 10.485 0 0 0 0 488 112094 17 0 16852
60959 39779.071 3600 2.494 8.974 0 0 0 0 480 94918 7 0 16852
60959 43379.071 3600 3.341 11.241 0 0 0 0 496 123839 15 0 16852
60959 46979.071 3600 3.121 10.347 0 0 0 0 472 112431 7 0 16852
60959 50579.071 3600 3.111 11.216 0 0 0 0 496 119479 21 0 16852
60959 54179.071 3600 2.557 9.638 0 0 0 0 520 99673 11 0 16852
60959 57779.071 3600 3.243 11.637 0 0 0 0 496 124298 11 0 16852
60959 61379.071 3600 3.105 10.293 0 0 0 0 528 108892 20 0 16852
60959 64979.071 3600 3.173 10.428 0 0 0 0 496 110375 18 0 16852
60959 68579.071 3600 2.962 10.734 0 0 0 0 504 111825 9 0 16852
60959 72179.071 3600 2.835 10.867 0 0 0 0 512 111456 7 0 16852
60959 75779.071 3600 3.123 10.851 0 0 0 0 512 114311 11 0 16852
60959 79379.071 3600 3.562 11.191 0 0 0 0 512 121620 6 0 16852
60959 82979.071 3600 3.136 11.510 0 0 0 0 520 120327 5 0 16852
60960 179.071 3600 3.361 10.713 0 0 0 0 528 116888 20 0 16852
60960 3779.071 3600 3.732 11.472 0 0 0 0 496 125240 6 0 16852
60960 7379.071 3600 2.944 10.615 0 0 0 0 520 110468 17 0 16852
60960 10979.071 3600 3.102 11.254 0 0 0 0 528 117614 8 0 16852
60960 14579.071 3600 3.090 10.281 0 0 0 0 512 109031 13 0 16852
60960 18179.071 3600 2.644 9.494 0 0 0 0 520 97673 7 0 16852
60960 21779.071 3600 3.089 10.377 0 0 0 0 520 111269 7 0 16852
60960 25379.071 3600 2.842 9.302 0 0 0 0 520 98360 9 0 16852
60960 28979.071 3600 2.984 9.553 0 0 0 0 512 102500 5 0 16852
60960 32579.071 3600 2.679 9.201 0 0 0 0 488 96865 7 0 16852
60960 36179.071 3600 2.699 8.790 0 0 0 0 504 95239 8 0 16852
60960 39779.071 3600 3.224 9.676 0 0 0 0 536 107771 5 0 16852
60960 43379.071 3600 2.799 10.210 0 0 0 0 520 108997 19 0 16852
60960 46979.071 3600 3.451 11.238 0 0 0 0 488 122323 13 0 16852
60960 50579.071 3600 3.177 11.298 0 0 0 0 520 121154 15 0 16852
60960 54179.071 3600 3.039 11.030 0 0 0 0 496 119653 12 0 16852
60960 57779.071 3600 3.293 11.723 0 0 0 0 536 127517 11 0 16852
60960 61379.071 3600 3.371 12.036 0 0 0 0 520 128272 10 0 16852
60960 64979.071 3600 3.012 9.721 0 0 0 0 512 105519 11 0 16852
60960 68579.071 3600 2.998 11.041 0 0 0 0 520 115333 6 0 16852
60960 72179.071 3600 2.642 9.841 0 0 0 0 504 100894 13 0 16852
60960 75779.071 3600 2.724 10.969 0 0 0 0 528 111031 11 0 16852
60960 79379.071 3600 2.941 9.943 0 0 0 0 488 104852 7 0 16852
60960 82979.071 3600 3.099 10.597 0 0 0 0 528 111844 12 0 16852
60961 179.071 3600 2.969 10.883 0 0 0 0 496 112678 19 0 16852
60961 3779.071 3600 3.094 11.923 0 0 0 0 504 123900 15 0 16852
60961 7379.071 3600 2.838 10.998 0 0 0 0 520 113851 8 0 16852
60961 10979.071 3600 2.958 10.251 0 0 0 0 496 107989 13 0 16852
60961 14579.071 3600 2.759 10.052 0 0 0 0 480 105961 13 0 16852
60961 18179.071 3600 2.739 9.199 0 0 0 0 504 98268 4 0 16852
60961 21779.071 3600 2.761 9.840 0 0 0 0 536 103577 8 0 16852
60961 25379.071 3600 3.579 11.916 0 0 0 0 528 130185 12 0 16852
60961 28979.071 3600 2.356 9.607 0 0 0 0 504 98144 6 0 16852
60961 32579.071 3600 2.580 9.573 0 0 0 0 496 101409 10 0 16852
60961 36179.071 3600 2.721 9.356 0 0 0 0 504 99324 19 0 16852
60961 39779.071 3600 2.447 9.696 0 0 0 0 488 99329 11 0 16852
60961 43379.071 3600 2.851 10.195 0 0 0 0 520 107194 7 0 16852
60961 46979.071 3600 2.763 11.796 0 0 0 0 488 122199 7 0 16852
60961 50579.071 3600 3.200 11.182 0 0 0 0 480 119536 19 0 16852
60961 54179.071 3600 3.341 11.135 0 0 0 0 544 118947 11 0 16852
60961 57779.071 3600 3.402 11.938 0 0 0 0 496 129853 21 0 16852
60961 61379.071 3600 3.295 10.829 0 0 0 0 528 115601 8 0 16852
60961 64979.071 3600 3.000 10.565 0 0 0 0 520 110192 8 0 16852
60961 68579.071 3600 3.117 10.929 0 0 0 0 504 113937 5 0 16852
60961 72179.071 3600 4.055 12.742 0 0 0 0 488 139368 5 0 16852
60961 75779.071 3600 3.399 12.561 0 0 0 0 512 132477 11 0 16852
60961 79379.071 3600 3.097 11.061 0 0 0 0 512 114974 11 0 16852
60961 82979.071 3600 3.603 11.825 0 0 0 0 512 126603 8 0 16852
60962 179.071 3600 3.175 11.490 0 0 0 0 528 119985 18 0 16852
60962 3779.071 3600 2.980 10.879 0 0 0 0 504 113790 12 0 16852
60962 7379.071 3600 3.351 12.308 0 0 0 0 496 129201 14 0 16852
60962 10979.071 3600 3.168 11.634 0 0 0 0 520 122244 12 0 16852
60962 14579.071 3600 2.894 11.176 0 0 0 0 520 116573 11 0 16852
60962 18179.071 3600 3.288 11.324 0 0 0 0 536 121273 17 0 16852
60962 21779.071 3600 2.872 9.445 0 0 0 0 536 101939 10 0 16852
60962 25379.071 3600 3.533 11.686 0 0 0 0 512 128061 12 0 16852
60962 28979.071 3600 3.256 11.243 0 0 0 0 496 120751 9 0 16852
60962 32579.071 3600 3.189 11.703 0 0 0 0 536 124795 14 0 16852
60962 36179.071 3600 3.389 10.881 0 0 0 0 496 120177 19 0 16852
60962 39779.071 3600 2.779 9.704 0 0 0 0 504 102857 14 0 16852
60962 43379.071 3600 3.059 10.031 0 0 0 0 512 107935 8 0 16852
60962 46979.071 3600 2.872 10.241 0 0 0 0 520 108085 11 0 16852
60962 50579.071 3600 3.092 10.261 0 0 0 0 488 110100 4 0 16852
60962 54179.071 3600 3.714 12.158 0 0 0 0 504 133161 14 0 16852
60962 57779.071 3600 3.623 11.800 0 0 0 0 496 128552 15 0 16852
60962 61379.071 3600 3.744 12.871 0 0 0 0 488 137995 13 0 16852
60962 64979.071 3600 3.872 13.643 0 0 0 0 496 147783 12 0 16852
60962 68579.071 3600 3.396 12.196 0 0 0 0 552 128221 12 0 16852
60962 72179.071 3600 3.637 13.482 0 0 0 0 488 141826 12 0 16852
60962 75779.071 3600 3.580 12.693 0 0 0 0 528 135197 8 0 16852
60962 79379.071 3600 3.209 11.601 0 0 0 0 488 122553 17 0 16852
60962 82979.071 3600 3.697 12.890 0 0 0 0 512 138938 21 0 16852
60963 179.071 3600 3.384 11.301 0 0 0 0 504 123003 10 0 16852
60963 3779.071 3600 3.787 13.142 0 0 0 0 504 140561 7 0 16852
60963 7379.071 3600 3.567 12.555 0 0 0 0 536 135071 10 0 16852
60963 10979.071 3600 3.152 11.086 0 0 0 0 504 117706 11 0 16852
60963 14579.071 3600 3.116 11.328 0 0 0 0 536 119359 7 0 16852
60963 18179.071 3600 3.217 9.850 0 0 0 0 520 108769 10 0 16852
60963 21779.071 3600 2.909 10.416 0 0 0 0 512 110897 15 0 16852
60963 25379.071 3600 3.198 11.774 0 0 0 0 544 125748 14 0 16852
60963 28979.071 3600 3.329 10.911 0 0 0 0 488 120168 20 0 16852
60963 32579.071 3600 3.514 11.327 0 0 0 0 488 126097 10 0 16852
60963 36179.071 3600 3.222 11.947 0 0 0 0 504 127497 24 0 16852
60963 39779.071 3600 3.190 10.615 0 0 0 0 512 114046 26 0 16852
60963 43379.071 3600 3.000 10.758 0 0 0 0 536 114331 11 0 16852
60963 46979.071 3600 3.119 10.975 0 0 0 0 512 117407 15 0 16852
60963 50579.071 3600 3.333 11.473 0 0 0 0 504 122422 17 0 16852
60963 54179.071 3600 3.024 11.117 0 0 0 0 512 116795 7 0 16852
60963 57779.071 3600 3.114 11.520 0 0 0 0 504 120735 19 0 16852
60963 61379.071 3600 3.617 11.575 0 0 0 0 512 125747 12 0 16852
60963 64979.071 3600 3.591 11.975 0 0 0 0 520 130413 10 0 16852
60963 68579.071 3600 3.624 11.263 0 0 0 0 520 122716 7 0 16852
60963 72179.071 3600 3.731 13.169 0 0 0 0 512 141573 6 0 16852
60963 75779.071 3600 3.485 11.941 0 0 0 0 504 128783 13 0 16852
60963 79379.071 3600 3.765 12.915 0 0 0 0 528 140937 14 0 16852
60963 82979.071 3600 3.538 12.844 0 0 0 0 504 134971 14 0 16852
60964 179.071 3600 3.665 13.054 0 0 0 0 520 139226 18 0 16852
60964 3779.071 3600 3.560 12.283 0 0 0 0 496 130590 14 0 16852
60964 7379.071 3600 3.589 11.672 0 0 0 0 520 124775 18 0 16852
60964 10979.071 3600 3.408 10.859 0 0 0 0 536 117922 13 0 16852
60964 14579.071 3600 3.073 9.883 0 0 0 0 512 106356 12 0 16852
60964 18179.071 3600 3.154 10.898 0 0 0 0 520 116348 9 0 16852
60964 21779.071 3600 3.028 9.432 0 0 0 0 512 103361 13 0 16852
60964 25379.071 3600 3.587 12.336 0 0 0 0 504 133192 11 0 16852
60964 28979.071 3600 3.678 13.301 0 0 0 0 504 143584 23 0 16852
60964 32579.071 3600 3.312 11.275 0 0 0 0 512 121692 16 0 16852
60964 36179.071 3600 3.793 11.721 0 0 0 0 504 129613 6 0 16852
60964 39779.071 3600 3.261 11.460 0 0 0 0 520 127191 6 0 16852
60964 43379.071 3600 3.461 11.079 0 0 0 0 512 120669 13 0 16852
60964 46979.071 3600 3.689 12.128 0 0 0 0 488 131426 20 0 16852
60964 50579.071 3600 3.233 11.992 0 0 0 0 536 126163 15 0 16852
60964 54179.071 3600 3.688 13.373 0 0 0 0 520 142067 15 0 16852
60964 57779.071 3600 3.685 12.954 0 0 0 0 512 140686 13 0 16852
60964 61379.071 3600 3.412 12.515 0 0 0 0 472 131899 12 0 16852
60964 64979.071 3600 3.719 12.364 0 0 0 0 480 132705 14 0 16852
60964 68579.071 3600 3.355 13.046 0 0 0 0 512 136587 15 0 16852
60964 72179.071 3600 4.077 13.607 0 0 0 0 488 149799 26 0 16852
60964 75779.071 3600 3.412 12.599 0 0 0 0 496 133193 11 0 16852
60964 79379.071 3600 4.057 12.889 0 0 0 0 504 141062 20 0 16852
60964 82979.071 3600 3.638 12.109 0 0 0 0 520 129056 8 0 16852
60965 179.071 3600 3.175 11.294 0 0 0 0 552 118581 16 0 16852
60965 3779.071 3600 3.713 12.402 0 0 0 0 480 132589 20 0 16852
60965 7379.073 3600 3.357 11.433 0 0 0 0 512 122656 7 0 16852
60965 10979.071 3600 3.402 12.012 0 0 0 0 528 129662 16 0 16852
60965 14579.071 3600 3.124 11.239 0 0 0 0 496 118435 10 0 16852
60965 18179.071 3600 3.328 10.992 0 0 0 0 504 118888 17 0 16852
60965 21779.071 3600 3.017 10.686 0 0 0 0 520 112523 17 0 16852
60965 25379.071 3600 3.286 11.298 0 0 0 0 496 120874 12 0 16852
60965 28979.071 3600 3.650 12.123 0 0 0 0 480 132607 13 0 16852
60965 32579.071 3600 3.131 10.870 0 0 0 0 472 115374 18 0 16852
60965 36179.071 3600 3.746 12.465 0 0 0 0 520 138205 12 0 16852
60965 39779.071 3600 3.416 12.370 0 0 0 0 512 131681 12 0 16852
60965 43379.071 3600 3.007 11.190 0 0 0 0 504 117698 12 0 16852
60965 46979.071 3600 3.209 12.071 0 0 0 0 512 127270 22 0 16852
60965 50579.071 3600 3.349 11.387 0 0 0 0 504 122329 9 0 16852
60965 54179.071 3600 4.215 13.438 0 0 0 0 536 147700 23 0 16852
60965 57779.071 3600 3.644 11.778 0 0 0 0 536 127130 26 0 16852
60965 61379.071 3600 3.504 11.766 0 0 0 0 504 126980 13 0 16852
60965 64979.071 3600 3.540 11.542 0 0 0 0 496 123324 11 0 16852
60965 68579.071 3600 4.006 13.603 0 0 0 0 488 148894 18 0 16852
60965 72179.071 3600 3.484 12.826 0 0 0 0 512 135243 11 0 16852
60965 75779.071 3600 4.162 12.603 0 0 0 0 520 142217 16 0 16852
60965 79379.071 3600 3.981 13.667 0 0 0 0 528 146850 12 0 16852
60965 82979.071 3600 3.511 12.816 0 0 0 0 536 134192 16 0 16852
60966 179.071 3600 3.454 13.058 0 0 0 0 504 135063 21 0 16852
60966 3779.071 3600 3.482 12.165 0 0 0 0 488 130408 12 0 16852
60966 7379.071 3600 3.831 12.995 0 0 0 0 520 139075 17 0 16852
60966 10979.071 3600 4.144 12.202 0 0 0 0 520 138238 12 0 16852
60966 14579.071 3600 3.705 11.995 0 0 0 0 520 129501 24 0 16852
60966 18179.071 3600 3.590 11.941 0 0 0 0 488 128374 11 0 16852
60966 21779.071 3600 3.261 10.317 0 0 0 0 512 110887 12 0 16852
60966 25379.071 3600 3.785 13.176 0 0 0 0 528 139712 18 0 16852
60966 28979.071 3600 3.624 12.355 0 0 0 0 512 132677 17 0 16852
60966 32579.071 3600 3.659 11.880 0 0 0 0 480 131852 14 0 16852
60966 36179.071 3600 3.433 12.282 0 0 0 0 480 136148 24 0 16852
60966 39779.071 3600 3.430 11.787 0 0 0 0 496 126575 17 0 16852
60966 43379.071 3600 4.334 13.677 0 0 0 0 488 161707 12 0 16852
60966 46979.071 3600 3.180 11.507 0 0 0 0 512 122055 15 0 16852
60966 50579.071 3600 3.508 12.954 0 0 0 0 504 138111 19 0 16852
60966 54179.071 3600 3.643 13.026 0 0 0 0 496 138448 9 0 16852
60966 57779.071 3600 3.436 11.549 0 0 0 0 528 124684 10 0 16852
60966 61379.071 3600 3.697 13.836 0 0 0 0 496 146065 18 0 16852
60966 64979.071 3600 4.571 15.227 0 0 0 0 496 165192 21 0 16852
60966 68579.071 3600 3.068 11.715 0 0 0 0 504 121385 16 0 16852
60966 72179.071 3600 3.640 12.992 0 0 0 0 496 145187 21 0 16852
60966 75779.071 3600 4.133 14.033 0 0 0 0 512 155378 8 0 16852
60966 79379.071 3600 2.933 11.522 0 0 0 0 520 117552 8 0 16852
60966 82979.071 3600 4.096 12.972 0 0 0 0 520 140905 6 0 16852
60967 179.071 3600 3.150 11.108 0 0 0 0 512 116223 13 0 16852
60967 3779.071 3600 3.036 11.389 0 0 0 0 512 119023 9 0 16852
60967 7379.071 3600 3.193 12.204 0 0 0 0 520 126256 18 0 16852
60967 10979.071 3600 3.943 13.208 0 0 0 0 504 142849 17 0 16852
60967 14579.071 3600 2.954 10.825 0 0 0 0 512 114739 12 0 16852
60967 18179.071 3600 3.202 11.017 0 0 0 0 544 118389 5 0 16852
60967 21779.071 3600 3.285 12.070 0 0 0 0 520 135637 11 0 16852
60967 25379.071 3600 3.511 12.202 0 0 0 0 504 133239 13 0 16852
60967 28979.071 3600 3.598 11.660 0 0 0 0 520 125974 12 0 16852
60967 32579.071 3600 2.830 10.628 0 0 0 0 488 110528 14 0 16852
60967 36179.071 3600 2.783 10.864 0 0 0 0 512 110952 18 0 16852
60967 39779.071 3600 3.252 10.717 0 0 0 0 512 118145 12 0 16852
60967 43379.071 3600 2.937 10.952 0 0 0 0 528 115346 10 0 16852
60967 46979.071 3600 3.044 10.909 0 0 0 0 512 115052 17 0 16852
60967 50579.071 3600 3.109 11.023 0 0 0 0 504 117817 14 0 16852
60967 54179.071 3600 3.664 12.966 0 0 0 0 536 138155 23 0 16852
60967 57779.071 3600 3.017 10.548 0 0 0 0 472 111472 10 0 16852
60967 61379.071 3600 3.524 11.589 0 0 0 0 480 124447 11 0 16852
60967 64979.071 3600 3.395 11.644 0 0 0 0 488 124050 13 0 16852
60967 68579.071 3600 3.624 13.491 0 0 0 0 496 141058 11 0 16852
60967 72179.071 3600 3.495 11.927 0 0 0 0 488 128652 15 0 16852
60967 75779.071 3600 3.490 12.491 0 0 0 0 496 132042 6 0 16852
60967 79379.071 3600 3.514 11.342 0 0 0 0 520 120717 11 0 16852
60967 82979.071 3600 3.891 12.605 0 0 0 0 520 135605 10 0 16852
60968 179.071 3600 3.787 11.727 0 0 0 0 520 127363 13 0 16852
60968 3779.071 3600 4.156 13.712 0 0 0 0 488 149585 22 0 16852
60968 7379.071 3600 3.560 13.038 0 0 0 0 488 140574 13 0 16852
60968 10979.071 3600 3.505 12.496 0 0 0 0 528 134588 10 0 16852
60968 14579.071 3600 3.662 12.425 0 0 0 0 512 133630 13 0 16852
60968 18179.071 3600 3.564 11.575 0 0 0 0 480 126240 12 0 16852
60968 21779.071 3600 3.466 11.073 0 0 0 0 488 119828 9 0 16852
60968 25379.071 3600 3.634 12.512 0 0 0 0 528 134851 24 0 16852
60968 28979.071 3600 3.590 12.626 0 0 0 0 496 135396 17 0 16852
60968 32579.071 3600 3.340 12.811 0 0 0 0 488 143704 21 0 16852
60968 36179.071 3600 3.093 11.762 0 0 0 0 480 122352 15 0 16852
60968 39779.071 3600 3.505 10.860 0 0 0 0 512 121415 15 0 16852
60968 43379.071 3600 3.370 11.095 0 0 0 0 512 118967 12 0 16852
60968 46979.071 3600 3.556 12.018 0 0 0 0 528 132405 13 0 16852
60968 50579.071 3600 3.672 11.863 0 0 0 0 488 129921 19 0 16852
60968 54179.071 3600 3.834 14.010 0 0 0 0 512 147939 17 0 16852
60968 57779.071 3600 3.436 12.450 0 0 0 0 496 131616 11 0 16852
60968 61379.071 3600 3.787 12.557 0 0 0 0 488 134600 12 0 16852
60968 64979.071 3600 4.059 13.054 0 0 0 0 520 141958 9 0 16852
60968 68579.071 3600 3.541 13.691 0 0 0 0 480 142700 15 0 16852
60968 72179.071 3600 3.577 13.019 0 0 0 0 472 138240 15 0 16852
60968 75779.071 3600 3.840 13.767 0 0 0 0 504 148443 17 0 16852
60968 79379.071 3600 4.043 13.944 0 0 0 0 528 147103 17 0 16852
60968 82979.071 3600 3.656 13.280 0 0 0 0 536 139478 21 0 16852
60969 179.071 3600 3.762 13.977 0 0 0 0 496 145406 16 0 16852
60969 3779.071 3600 4.325 14.046 0 0 0 0 496 154482 19 0 16852
60969 7379.071 3600 3.750 13.471 0 0 0 0 504 141360 16 0 16852
60969 10979.071 3600 4.006 15.005 0 0 0 0 536 162643 19 0 16852
60969 14579.071 3600 3.383 13.160 0 0 0 0 480 136517 20 0 16852
60969 18179.071 3600 3.651 12.543 0 0 0 0 480 134781 7 0 16852
60969 21779.071 3600 3.361 11.142 0 0 0 0 480 119669 14 0 16852
60969 25379.071 3600 3.563 11.939 0 0 0 0 480 127854 11 0 16852
60969 28979.071 3600 3.882 12.152 0 0 0 0 464 131284 26 0 16852
60969 32579.071 3600 3.113 11.558 0 0 0 0 488 120392 13 0 16852
60969 36179.071 3600 3.164 10.807 0 0 0 0 496 114190 8 0 16852
60969 39779.071 3600 3.519 11.617 0 0 0 0 536 124068 14 0 16852
60969 43379.071 3600 3.604 14.197 0 0 0 0 504 150140 14 0 16852
60969 46979.071 3600 3.826 12.223 0 0 0 0 512 133281 7 0 16852
60969 50579.071 3600 4.120 12.969 0 0 0 0 520 140874 20 0 16852
60969 54179.071 3600 4.422 15.024 0 0 0 0 488 162017 19 0 16852
60969 57779.071 3600 3.374 13.124 0 0 0 0 504 135718 19 0 16852
60969 61379.071 3600 3.781 12.589 0 0 0 0 504 135050 18 0 16852
60969 64979.071 3600 3.908 12.681 0 0 0 0 488 139612 6 0 16852
60969 68579.071 3600 3.957 12.422 0 0 0 0 512 134538 22 0 16852
60969 72179.071 3600 3.775 13.177 0 0 0 0 504 140375 9 0 16852
60969 75779.071 3600 3.435 12.108 0 0 0 0 512 127398 10 0 16852
60969 79379.071 3600 3.730 12.833 0 0 0 0 528 137001 16 0 16852
60969 82979.071 3600 3.731 11.800 0 0 0 0 512 127452 14 0 16852
60970 179.071 3600 3.834 12.795 0 0 0 0 520 137634 13 0 16852
60970 3779.071 3600 3.788 13.186 0 0 0 0 520 140633 11 0 16852
60970 7379.071 3600 3.390 13.565 0 0 0 0 496 143854 7 0 16852
60970 10979.071 3600 3.894 13.131 0 0 0 0 488 141208 13 0 16852
60970 14579.071 3600 3.245 12.123 0 0 0 0 496 127123 20 0 16852
60970 18179.071 3600 3.553 11.483 0 0 0 0 520 124087 18 0 16852
60970 21779.071 3600 3.737 13.147 0 0 0 0 512 146930 11 0 16852
60970 25379.071 3600 3.585 12.339 0 0 0 0 544 133296 13 0 16852
60970 28979.071 3600 3.334 12.532 0 0 0 0 520 134210 17 0 16852
60970 32579.071 3600 3.210 10.990 0 0 0 0 488 117276 10 0 16852
60970 36179.071 3600 3.927 13.007 0 0 0 0 480 141707 16 0 16852
60970 39779.071 3600 4.166 13.475 0 0 0 0 520 149030 18 0 16852
60970 43379.071 3600 3.503 11.007 0 0 0 0 520 119923 9 0 16852
60970 46979.071 3600 3.434 11.671 0 0 0 0 496 125266 11 0 16852
60970 50579.071 3600 3.696 12.612 0 0 0 0 496 134724 8 0 16852
60970 54179.071 3600 3.742 12.552 0 0 0 0 496 133954 10 0 16852
60970 57779.071 3600 4.217 14.395 0 0 0 0 504 156516 16 0 16852
60970 61379.071 3600 3.883 12.943 0 0 0 0 536 139848 20 0 16852
60970 64979.071 3600 3.750 12.578 0 0 0 0 512 134843 6 0 16852
60970 68579.071 3600 3.789 14.113 0 0 0 0 496 148502 19 0 16852
60970 72179.071 3600 4.145 15.226 0 0 0 0 488 162207 12 0 16852
60970 75779.071 3600 3.919 13.757 0 0 0 0 480 146162 8 0 16852
60970 79379.071 3600 3.591 12.802 0 0 0 0 488 135668 9 0 16852
60970 82979.071 3600 3.993 14.215 0 0 0 0 520 151339 15 0 16852
60971 179.071 3600 3.960 13.622 0 0 0 0 496 144909 14 0 16852
60971 3779.071 3600 3.852 14.334 0 0 0 0 504 151908 13 0 16852
60971 7379.071 3600 3.747 13.078 0 0 0 0 504 143564 7 0 16852
60971 10979.071 3600 4.341 13.667 0 0 0 0 512 150413 13 0 16852
60971 14579.071 3600 3.515 13.289 0 0 0 0 544 140218 11 0 16852
60971 18179.071 3600 3.371 12.143 0 0 0 0 496 128839 15 0 16852
60971 21779.071 3600 3.691 12.832 0 0 0 0 512 138099 10 0 16852
60971 25379.071 3600 3.812 12.570 0 0 0 0 544 136316 18 0 16852
60971 28979.071 3600 3.380 13.162 0 0 0 0 520 137471 25 0 16852
60971 32579.071 3600 3.713 12.239 0 0 0 0 512 133451 12 0 16852
60971 36179.071 3600 3.785 12.635 0 0 0 0 488 138110 16 0 16852
60971 39779.071 3600 3.727 12.075 0 0 0 0 488 131738 19 0 16852
60971 43379.071 3600 3.585 12.245 0 0 0 0 488 133921 18 0 16852
60971 46979.071 3600 3.684 12.558 0 0 0 0 520 134428 9 0 16852
60971 50579.071 3600 3.717 12.119 0 0 0 0 504 130751 15 0 16852
60971 54179.071 3600 3.483 12.811 0 0 0 0 512 133488 17 0 16852
60971 57779.071 3600 4.022 14.207 0 0 0 0 536 150731 17 0 16852
60971 61379.071 3600 4.000 13.126 0 0 0 0 512 142228 12 0 16852
60971 64979.071 3600 3.564 14.032 0 0 0 0 504 144950 17 0 16852
60971 68579.071 3600 3.793 12.906 0 0 0 0 520 137293 15 0 16852
60971 72179.071 3600 4.028 13.765 0 0 0 0 504 146726 10 0 16852
60971 75779.071 3600 4.107 13.399 0 0 0 0 496 144235 16 0 16852
60971 79379.071 3600 4.086 14.257 0 0 0 0 512 154465 13 0 16852
60971 82979.071 3600 4.158 13.650 0 0 0 0 536 146261 13 0 16852
60972 179.071 3600 4.053 13.205 0 0 0 0 520 141762 5 0 16852
60972 3779.071 3600 4.310 13.893 0 0 0 0 512 150980 26 0 16852
60972 7379.071 3600 3.750 12.580 0 0 0 0 504 134789 5 0 16852
60972 10979.071 3600 3.981 12.868 0 0 0 0 504 143884 13 0 16852
60972 14579.071 3600 3.507 11.468 0 0 0 0 496 124042 7 0 16852
60972 18179.071 3600 3.829 14.123 0 0 0 0 504 149676 14 0 16852
60972 21779.071 3600 3.941 11.876 0 0 0 0 520 131320 12 0 16852
60972 25379.071 3600 3.288 12.174 0 0 0 0 528 128271 14 0 16852
60972 28979.071 3600 3.681 12.608 0 0 0 0 528 135558 14 0 16852
60972 32579.071 3600 3.482 11.630 0 0 0 0 536 124996 18 0 16852
60972 36179.071 3600 4.025 13.136 0 0 0 0 496 143822 24 0 16852
60972 39779.071 3600 3.610 12.833 0 0 0 0 544 136769 15 0 16852
60972 43379.071 3600 4.016 12.804 0 0 0 0 528 141193 17 0 16852
60972 46979.071 3600 4.245 14.088 0 0 0 0 504 153522 17 0 16852
60972 50579.071 3600 4.169 12.832 0 0 0 0 512 141347 11 0 16852
60972 54179.071 3600 3.797 12.683 0 0 0 0 504 136526 17 0 16852
60972 57779.071 3600 3.697 13.766 0 0 0 0 488 145311 14 0 16852
60972 61379.071 3600 4.498 14.944 0 0 0 0 504 163457 5 0 16852
60972 64979.071 3600 3.712 11.589 0 0 0 0 520 125095 11 0 16852
60972 68579.071 3600 4.115 14.447 0 0 0 0 512 154185 13 0 16852
60972 72179.071 3600 3.627 12.782 0 0 0 0 496 137705 22 0 16852
60972 75779.071 3600 3.623 12.492 0 0 0 0 504 131684 9 0 16852
60972 79379.071 3600 4.153 12.569 0 0 0 0 488 136949 7 0 16852
60972 82979.071 3600 3.739 12.631 0 0 0 0 552 134791 13 0 16852
60973 179.071 3600 3.522 12.397 0 0 0 0 504 132619 9 0 16852
60973 3779.071 3600 3.427 12.961 0 0 0 0 488 135395 16 0 16852
60973 7379.071 3600 3.808 12.333 0 0 0 0 496 133465 11 0 16852
60973 10979.071 3600 3.141 11.728 0 0 0 0 496 120942 11 0 16852
60973 14579.071 3600 3.797 13.091 0 0 0 0 520 146817 7 0 16852
60973 18179.071 3600 3.807 11.812 0 0 0 0 528 127683 10 0 16852
60973 21779.071 3600 3.316 11.846 0 0 0 0 544 126125 11 0 16852
60973 25379.071 3600 3.448 12.640 0 0 0 0 528 132271 8 0 16852
60973 28979.071 3600 3.241 11.468 0 0 0 0 512 120293 11 0 16852
60973 32579.071 3600 3.537 13.011 0 0 0 0 488 137573 14 0 16852
60973 36179.071 3600 3.346 10.758 0 0 0 0 512 116162 17 0 16852
60973 39779.071 3600 3.301 12.246 0 0 0 0 536 129226 10 0 16852
60973 43379.071 3600 3.254 12.130 0 0 0 0 512 127992 14 0 16852
60973 46979.071 3600 3.840 13.012 0 0 0 0 520 141641 17 0 16852
60973 50579.071 3600 3.219 12.494 0 0 0 0 480 130681 11 0 16852
60973 54179.071 3600 4.097 13.619 0 0 0 0 496 147625 16 0 16852
60973 57779.071 3600 4.464 15.378 0 0 0 0 496 166338 11 0 16852
60973 61379.071 3600 4.520 15.428 0 0 0 0 520 166133 16 0 16852
60973 64979.071 3600 3.206 10.850 0 0 0 0 528 113601 13 0 16852
60973 68579.071 3600 4.377 14.233 0 0 0 0 520 157207 27 0 16852
60973 72179.071 3600 3.600 12.695 0 0 0 0 512 134788 19 0 16852
60973 75779.071 3600 3.756 12.344 0 0 0 0 504 132225 8 0 16852
60973 79379.071 3600 4.203 12.985 0 0 0 0 488 143008 15 0 16852
60973 82979.071 3600 4.002 13.704 0 0 0 0 496 147443 13 0 16852
60974 179.071 3600 3.981 12.389 0 0 0 0 512 134231 11 0 16852
60974 3779.071 3600 3.724 13.323 0 0 0 0 504 139525 13 0 16852
60974 7379.071 3600 3.952 13.778 0 0 0 0 496 147042 9 0 16852
60974 10979.071 3600 3.895 13.189 0 0 0 0 536 141591 11 0 16852
60974 14579.071 3600 3.349 12.287 0 0 0 0 504 129811 12 0 16852
60974 18179.071 3600 4.094 12.953 0 0 0 0 480 144612 8 0 16852
60974 21779.071 3600 3.974 12.764 0 0 0 0 512 137754 13 0 16852
60974 25379.071 3600 3.582 12.816 0 0 0 0 488 134873 11 0 16852
60974 28979.071 3600 3.963 12.999 0 0 0 0 528 141759 9 0 16852
60974 32579.071 3600 4.093 12.466 0 0 0 0 488 135989 7 0 16852
60974 36179.071 3600 3.630 12.084 0 0 0 0 520 128058 17 0 16852
60974 39779.071 3600 3.601 11.524 0 0 0 0 512 124458 11 0 16852
60974 43379.071 3600 3.439 12.410 0 0 0 0 536 133713 23 0 16852
60974 46979.071 3600 3.783 12.065 0 0 0 0 488 131465 19 0 16852
60974 50579.071 3600 3.627 11.654 0 0 0 0 496 126737 12 0 16852
60974 54179.071 3600 3.422 11.159 0 0 0 0 528 120238 16 0 16852
60974 57779.071 3600 3.480 13.005 0 0 0 0 520 138174 12 0 16852
60974 61379.071 3600 4.366 14.120 0 0 0 0 520 154770 14 0 16852
60974 64979.071 3600 3.673 13.248 0 0 0 0 536 145071 10 0 16852
60974 68579.071 3600 4.092 15.101 0 0 0 0 512 159794 13 0 16852
60974 72179.071 3600 3.580 12.180 0 0 0 0 512 129657 10 0 16852
60974 75779.071 3600 4.217 14.119 0 0 0 0 496 152367 16 0 16852
60974 79379.071 3600 4.035 12.691 0 0 0 0 496 138596 8 0 16852
60974 82979.071 3600 3.923 13.308 0 0 0 0 512 142684 18 0 16852
60975 179.071 3600 3.983 12.968 0 0 0 0 520 140493 19 0 16852
60975 3779.071 3600 3.434 12.399 0 0 0 0 520 131231 5 0 16852
60975 7379.071 3600 4.001 12.708 0 0 0 0 488 138444 12 0 16852
60975 10979.071 3600 4.165 13.715 0 0 0 0 528 149951 13 0 16852
60975 14579.071 3600 3.429 12.260 0 0 0 0 504 129102 14 0 16852
60975 18179.071 3600 3.648 11.768 0 0 0 0 496 126756 6 0 16852
60975 21779.071 3600 3.362 11.974 0 0 0 0 520 129245 22 0 16852
60975 25379.071 3600 2.952 10.573 0 0 0 0 520 110130 17 0 16852
60975 28979.071 3600 3.197 12.500 0 0 0 0 504 129776 18 0 16852
60975 32579.071 3600 3.586 12.261 0 0 0 0 488 130649 16 0 16852
60975 36179.071 3600 3.556 12.213 0 0 0 0 464 130756 17 0 16852
60975 39779.071 3600 3.402 12.150 0 0 0 0 488 129146 13 0 16852
60975 43379.071 3600 3.785 12.666 0 0 0 0 504 136538 22 0 16852
60975 46979.071 3600 4.193 12.419 0 0 0 0 488 139893 7 0 16852
60975 50579.071 3600 3.833 12.966 0 0 0 0 536 140168 20 0 16852
60975 54179.071 3600 4.393 13.071 0 0 0 0 520 148225 20 0 16852
60975 57779.071 3600 3.738 13.467 0 0 0 0 536 144447 20 0 16852
60975 61379.071 3600 4.430 14.167 0 0 0 0 504 154963 12 0 16852
60975 64979.071 3600 4.069 13.054 0 0 0 0 536 141112 13 0 16852
60975 68579.071 3600 4.389 14.128 0 0 0 0 520 154768 9 0 16852
60975 72179.071 3600 4.146 14.265 0 0 0 0 496 153900 23 0 16852
60975 75779.071 3600 3.818 13.408 0 0 0 0 496 142450 18 0 16852
60975 79379.071 3600 4.364 14.123 0 0 0 0 472 154616 16 0 16852
60975 82979.071 3600 4.093 15.219 0 0 0 0 520 161399 18 0 16852
60976 179.071 3600 3.780 13.116 0 0 0 0 520 140455 12 0 16852
60976 3779.071 3600 3.804 13.069 0 0 0 0 520 140667 10 0 16852
60976 7379.071 3600 3.536 12.305 0 0 0 0 520 131538 9 0 16852
60976 10979.071 3600 4.392 13.105 0 0 0 0 520 148634 13 0 16852
60976 14579.071 3600 3.944 12.107 0 0 0 0 512 134228 11 0 16852
60976 18179.071 3600 3.392 11.436 0 0 0 0 520 124249 18 0 16852
60976 21779.071 3600 3.714 13.621 0 0 0 0 504 144590 16 0 16852
60976 25379.071 3600 3.548 11.200 0 0 0 0 528 122695 17 0 16852
60976 28979.071 3600 3.563 11.438 0 0 0 0 520 125734 17 0 16852
60976 32579.071 3600 3.942 12.145 0 0 0 0 496 134121 18 0 16852
60976 36179.071 3600 3.416 11.880 0 0 0 0 536 129989 23 0 16852
60976 39779.071 3600 3.463 11.617 0 0 0 0 496 124583 14 0 16852
60976 43379.071 3600 3.388 11.748 0 0 0 0 528 125755 15 0 16852
60976 46979.071 3600 3.815 12.449 0 0 0 0 488 135585 7 0 16852
60976 50579.071 3600 4.196 13.617 0 0 0 0 504 147750 13 0 16852
60976 54179.071 3600 3.427 12.361 0 0 0 0 488 130505 12 0 16852
60976 57779.071 3600 4.089 13.495 0 0 0 0 504 148545 8 0 16852
60976 61379.071 3600 3.921 12.359 0 0 0 0 520 133961 13 0 16852
60976 64979.071 3600 3.193 13.019 0 0 0 0 544 134233 17 0 16852
60976 68579.071 3600 3.776 13.465 0 0 0 0 512 142775 4 0 16852
60976 72179.071 3600 3.658 14.112 0 0 0 0 496 147421 16 0 16852
60976 75779.071 3600 4.446 14.137 0 0 0 0 504 157990 11 0 16852
60976 79379.071 3600 4.013 13.762 0 0 0 0 504 147964 13 0 16852
60976 82979.071 3600 3.957 14.545 0 0 0 0 520 154615 20 0 16852
60977 179.071 3600 3.685 12.851 0 0 0 0 512 136271 19 0 16852
60977 3779.071 3600 3.892 12.765 0 0 0 0 504 139788 10 0 16852
60977 7379.071 3600 3.999 13.732 0 0 0 0 512 147101 13 0 16852
60977 10979.071 3600 3.713 12.505 0 0 0 0 536 134612 14 0 16852
60977 14579.071 3600 3.434 11.488 0 0 0 0 488 122231 24 0 16852
60977 18179.071 3600 3.906 14.259 0 0 0 0 504 151947 16 0 16852
60977 21779.071 3600 3.376 11.676 0 0 0 0 472 125802 15 0 16852
60977 25379.071 3600 3.565 11.701 0 0 0 0 504 127202 19 0 16852
60977 28979.071 3600 3.475 11.392 0 0 0 0 520 123001 18 0 16852
60977 32579.071 3600 3.209 12.473 0 0 0 0 528 130464 8 0 16852
60977 36179.071 3600 3.697 11.999 0 0 0 0 480 129964 7 0 16852
60977 39779.071 3600 3.378 11.636 0 0 0 0 536 125423 11 0 16852
60977 43379.071 3600 3.432 11.679 0 0 0 0 528 124911 13 0 16852
60977 46979.071 3600 3.841 12.646 0 0 0 0 480 139051 14 0 16852
60977 50579.071 3600 3.931 13.958 0 0 0 0 488 148516 3 0 16852
60977 54179.071 3600 3.813 13.535 0 0 0 0 520 144085 15 0 16852
60977 57779.071 3600 3.755 13.898 0 0 0 0 496 149188 18 0 16852
60977 61379.071 3600 3.740 13.481 0 0 0 0 520 142518 12 0 16852
60977 64979.071 3600 3.887 12.646 0 0 0 0 512 135878 15 0 16852
60977 68579.071 3600 3.679 12.941 0 0 0 0 520 137033 12 0 16852
60977 72179.071 3600 4.292 13.094 0 0 0 0 536 144345 8 0 16852
60977 75779.071 3600 4.185 13.805 0 0 0 0 512 153592 13 0 16852
60977 79379.071 3600 4.356 15.108 0 0 0 0 488 160985 15 0 16852
60977 82979.071 3600 3.788 13.119 0 0 0 0 528 139554 12 0 16852
60978 179.071 3600 3.942 13.480 0 0 0 0 504 143595 13 0 16852
60978 3779.071 3600 4.204 14.636 0 0 0 0 472 157031 8 0 16852
60978 7379.071 3600 3.898 13.604 0 0 0 0 512 145317 10 0 16852
60978 10979.071 3600 3.816 12.135 0 0 0 0 528 131494 13 0 16852
60978 14579.071 3600 3.449 12.229 0 0 0 0 504 131564 14 0 16852
60978 18179.071 3600 3.632 13.028 0 0 0 0 496 139171 14 0 16852
60978 21779.071 3600 3.526 12.296 0 0 0 0 504 131273 24 0 16852
60978 25379.071 3600 3.541 12.500 0 0 0 0 520 133569 19 0 16852
60978 28979.071 3600 3.954 12.581 0 0 0 0 520 138499 14 0 16852
60978 32579.071 3600 3.589 12.784 0 0 0 0 496 136965 12 0 16852
60978 36179.071 3600 3.745 12.817 0 0 0 0 472 138409 16 0 16852
60978 39779.071 3600 3.507 12.437 0 0 0 0 504 134950 7 0 16852
60978 43379.071 3600 3.384 12.438 0 0 0 0 520 133127 12 0 16852
60978 46979.071 3600 3.282 12.488 0 0 0 0 536 130667 12 0 16852
60978 50579.071 3600 3.852 13.202 0 0 0 0 536 141867 13 0 16852
60978 54179.071 3600 3.590 13.829 0 0 0 0 520 144693 17 0 16852
60978 57779.071 3600 3.698 14.832 0 0 0 0 536 156689 12 0 16852
60978 61379.071 3600 4.253 15.576 0 0 0 0 480 165332 12 0 16852
60978 64979.071 3600 3.841 14.039 0 0 0 0 520 148019 16 0 16852
60978 68579.071 3600 3.811 13.112 0 0 0 0 520 140037 15 0 16852
60978 72179.071 3600 4.184 14.133 0 0 0 0 496 152613 19 0 16852
60978 75779.071 3600 4.049 13.994 0 0 0 0 520 150185 14 0 16852
60978 79379.071 3600 3.923 13.427 0 0 0 0 488 142813 12 0 16852
60978 82979.071 3600 4.287 13.336 0 0 0 0 528 145836 10 0 16852
60979 179.071 3600 3.602 13.479 0 0 0 0 472 140015 12 0 16852
60979 3779.071 3600 3.937 14.065 0 0 0 0 504 148730 6 0 16852
60979 7379.071 3600 3.787 12.833 0 0 0 0 528 136998 15 0 16852
60979 10979.071 3600 3.724 13.059 0 0 0 0 488 138721 13 0 16852
60979 14579.071 3600 4.208 13.609 0 0 0 0 512 147428 21 0 16852
60979 18179.071 3600 3.472 11.805 0 0 0 0 504 126884 8 0 16852
60979 21779.071 3600 4.014 13.670 0 0 0 0 512 150733 9 0 16852
60979 25379.071 3600 3.436 13.365 0 0 0 0 528 140078 26 0 16852
60979 28979.071 3600 3.176 12.973 0 0 0 0 504 133846 15 0 16852
60979 32579.071 3600 3.023 10.641 0 0 0 0 496 111688 12 0 16852
60979 36179.071 3600 3.169 11.622 0 0 0 0 536 122295 13 0 16852
60979 39779.071 3600 3.584 12.392 0 0 0 0 496 133116 13 0 16852
60979 43379.071 3600 3.797 12.893 0 0 0 0 520 138484 22 0 16852
60979 46979.071 3600 3.835 13.728 0 0 0 0 528 145665 13 0 16852
60979 50579.071 3600 3.878 13.211 0 0 0 0 528 143047 18 0 16852
60979 54179.071 3600 3.550 13.308 0 0 0 0 520 140422 5 0 16852
60979 57779.071 3600 3.590 13.258 0 0 0 0 472 139006 13 0 16852
60979 61379.071 3600 3.725 12.504 0 0 0 0 480 133200 10 0 16852
60979 64979.071 3600 3.687 13.494 0 0 0 0 504 142175 9 0 16852
60979 68579.071 3600 3.661 14.050 0 0 0 0 496 149517 13 0 16852
60979 72179.071 3600 3.854 13.695 0 0 0 0 520 145990 14 0 16852
60979 75779.071 3600 4.168 13.355 0 0 0 0 472 146847 20 0 16852
60979 79379.071 3600 3.726 13.009 0 0 0 0 496 137189 4 0 16852
60979 82979.071 3600 3.812 12.946 0 0 0 0 512 137389 16 0 16852
