60980 179.071 3600 3.909 12.204 0 0 0 0 504 132625 9 0 16852
60980 3779.071 3600 4.033 12.709 0 0 0 0 504 138511 7 0 16852
60980 7379.071 3600 3.980 12.856 0 0 0 0 520 138539 13 0 16852
60980 10979.071 3600 3.975 12.931 0 0 0 0 512 140792 16 0 16852
60980 14579.071 3600 4.082 13.445 0 0 0 0 504 144898 16 0 16852
60980 18179.071 3600 3.895 12.716 0 0 0 0 480 137103 12 0 16852
60980 21779.071 3600 3.634 11.879 0 0 0 0 488 126498 9 0 16852
60980 25379.071 3600 3.569 11.986 0 0 0 0 480 127948 19 0 16852
60980 28979.071 3600 4.118 13.671 0 0 0 0 480 147390 12 0 16852
60980 32579.071 3600 3.237 12.211 0 0 0 0 504 126395 9 0 16852
60980 36179.071 3600 3.453 11.585 0 0 0 0 504 124520 12 0 16852
60980 39779.071 3600 3.657 11.706 0 0 0 0 488 127464 9 0 16852
60980 43379.071 3600 3.435 11.843 0 0 0 0 496 127113 14 0 16852
60980 46979.071 3600 3.622 12.167 0 0 0 0 536 132783 18 0 16852
60980 50579.071 3600 3.659 12.009 0 0 0 0 520 129552 10 0 16852
60980 54179.071 3600 3.520 12.199 0 0 0 0 496 132334 12 0 16852
60980 57779.071 3600 3.794 13.022 0 0 0 0 504 139568 8 0 16852
60980 61379.071 3600 3.625 12.454 0 0 0 0 528 134818 7 0 16852
60980 64979.071 3600 3.841 13.777 0 0 0 0 496 146127 13 0 16852
60980 68579.071 3600 3.756 12.264 0 0 0 0 520 136810 13 0 16852
60980 72179.071 3600 3.988 12.788 0 0 0 0 488 137832 8 0 16852
60980 75779.071 3600 3.621 12.331 0 0 0 0 488 132540 8 0 16852
60980 79379.071 3600 3.719 11.914 0 0 0 0 504 127575 11 0 16852
60980 82979.071 3600 3.344 13.198 0 0 0 0 528 136109 14 0 16852
60981 179.071 3600 3.087 11.723 0 0 0 0 488 121061 9 0 16852
60981 3779.071 3600 3.533 11.921 0 0 0 0 496 127882 23 0 16852
60981 7379.071 3600 3.666 12.564 0 0 0 0 480 132882 3 0 16852
60981 10979.071 3600 3.186 12.203 0 0 0 0 488 128280 11 0 16852
60981 14579.071 3600 3.692 12.999 0 0 0 0 520 137866 15 0 16852
60981 18179.071 3600 3.332 11.817 0 0 0 0 496 124697 4 0 16852
60981 21779.071 3600 3.200 11.451 0 0 0 0 520 119751 8 0 16852
60981 25379.071 3600 3.245 11.497 0 0 0 0 488 120419 13 0 16852
60981 28979.071 3600 3.695 14.180 0 0 0 0 496 152955 11 0 16852
60981 32579.071 3600 3.640 11.859 0 0 0 0 520 128167 13 0 16852
60981 36179.071 3600 3.493 12.429 0 0 0 0 536 130343 11 0 16852
60981 39779.071 3600 3.616 11.907 0 0 0 0 520 127552 16 0 16852
60981 43379.071 3600 3.530 11.862 0 0 0 0 512 129169 21 0 16852
60981 46979.071 3600 3.464 12.444 0 0 0 0 512 132126 12 0 16852
60981 50579.071 3600 3.755 12.679 0 0 0 0 504 136907 18 0 16852
60981 54179.071 3600 3.707 12.209 0 0 0 0 520 131250 23 0 16852
60981 57779.071 3600 3.638 13.964 0 0 0 0 488 146794 18 0 16852
60981 61379.071 3600 4.274 13.885 0 0 0 0 480 153880 18 0 16852
60981 64979.071 3600 3.498 12.366 0 0 0 0 528 130935 14 0 16852
60981 68579.071 3600 3.727 12.737 0 0 0 0 512 137063 12 0 16852
60981 72179.071 3600 3.782 11.988 0 0 0 0 512 128662 8 0 16852
60981 75779.071 3600 3.876 13.060 0 0 0 0 504 142268 11 0 16852
60981 79379.071 3600 3.971 14.233 0 0 0 0 504 151558 6 0 16852
60981 82979.071 3600 3.837 13.171 0 0 0 0 528 139880 28 0 16852
60982 179.071 3600 3.998 13.143 0 0 0 0 496 142176 13 0 16852
60982 3779.071 3600 4.199 13.544 0 0 0 0 496 157027 16 0 16852
60982 7379.071 3600 3.844 12.921 0 0 0 0 504 138181 19 0 16852
60982 10979.071 3600 4.400 14.375 0 0 0 0 528 156504 20 0 16852
60982 14579.071 3600 4.136 14.637 0 0 0 0 504 157515 29 0 16852
60982 18179.071 3600 4.059 14.556 0 0 0 0 496 159553 20 0 16852
60982 21779.071 3600 3.799 13.155 0 0 0 0 504 140699 8 0 16852
60982 25379.071 3600 3.799 13.304 0 0 0 0 504 142316 24 0 16852
60982 28979.071 3600 4.020 13.908 0 0 0 0 512 148914 12 0 16852
60982 32579.071 3600 4.024 14.152 0 0 0 0 536 153000 10 0 16852
60982 36179.071 3600 3.516 12.378 0 0 0 0 512 131886 14 0 16852
60982 39779.071 3600 3.983 12.954 0 0 0 0 488 141577 13 0 16852
60982 43379.071 3600 3.736 12.346 0 0 0 0 472 133744 14 0 16852
60982 46979.071 3600 3.684 12.947 0 0 0 0 488 138695 16 0 16852
60982 50579.071 3600 3.979 13.381 0 0 0 0 488 144143 8 0 16852
60982 54179.071 3600 3.962 13.991 0 0 0 0 496 148881 10 0 16852
60982 57779.071 3600 3.835 13.089 0 0 0 0 480 139890 7 0 16852
60982 61379.071 3600 3.839 13.643 0 0 0 0 496 145518 12 0 16852
60982 64979.071 3600 3.931 14.342 0 0 0 0 464 153227 10 0 16852
60982 68579.071 3600 4.162 15.170 0 0 0 0 488 161123 14 0 16852
60982 72179.071 3600 3.797 14.187 0 0 0 0 472 148744 17 0 16852
60982 75779.071 3600 4.315 13.330 0 0 0 0 480 146351 17 0 16852
60982 79379.071 3600 4.502 16.056 0 0 0 0 504 171179 19 0 16852
60982 82979.071 3600 3.892 14.150 0 0 0 0 552 148831 15 0 16852
60983 179.071 3600 4.141 13.578 0 0 0 0 496 146353 19 0 16852
60983 3779.071 3600 4.095 13.891 0 0 0 0 536 149446 15 0 16852
60983 7379.071 3600 4.684 15.227 0 0 0 0 504 167533 13 0 16852
60983 10979.071 3600 3.918 13.997 0 0 0 0 536 149824 18 0 16852
60983 14579.071 3600 3.620 12.741 0 0 0 0 520 136628 13 0 16852
60983 18179.071 3600 3.614 12.577 0 0 0 0 512 134794 17 0 16852
60983 21779.071 3600 3.279 11.963 0 0 0 0 496 125271 18 0 16852
60983 25379.071 3600 3.425 12.323 0 0 0 0 480 131939 16 0 16852
60983 28979.071 3600 4.250 14.222 0 0 0 0 488 154730 20 0 16852
60983 32579.071 3600 4.383 12.664 0 0 0 0 480 142415 18 0 16852
60983 36179.071 3600 3.902 13.561 0 0 0 0 512 145833 20 0 16852
60983 39779.071 3600 3.924 12.880 0 0 0 0 520 139872 17 0 16852
60983 43379.071 3600 4.129 12.467 0 0 0 0 472 138501 14 0 16852
60983 46979.071 3600 3.931 12.666 0 0 0 0 504 138873 9 0 16852
60983 50579.071 3600 3.400 12.680 0 0 0 0 488 132556 6 0 16852
60983 54179.071 3600 3.913 12.296 0 0 0 0 528 135039 11 0 16852
60983 57779.071 3600 4.201 12.998 0 0 0 0 504 145087 8 0 16852
60983 61379.071 3600 3.998 12.799 0 0 0 0 504 139813 6 0 16852
60983 64979.071 3600 3.717 13.975 0 0 0 0 520 146324 13 0 16852
60983 68579.071 3600 4.480 14.430 0 0 0 0 512 159299 16 0 16852
60983 72179.071 3600 3.644 12.898 0 0 0 0 512 137394 13 0 16852
60983 75779.071 3600 3.710 14.442 0 0 0 0 528 152440 19 0 16852
60983 79379.071 3600 3.873 13.218 0 0 0 0 512 140541 10 0 16852
60983 82979.071 3600 3.951 13.384 0 0 0 0 488 142806 13 0 16852
60984 179.071 3600 4.074 12.849 0 0 0 0 512 139106 12 0 16852
60984 3779.071 3600 3.991 12.551 0 0 0 0 512 138245 10 0 16852
60984 7379.071 3600 3.819 12.789 0 0 0 0 520 137895 9 0 16852
60984 10979.071 3600 3.905 13.854 0 0 0 0 512 147340 19 0 16852
60984 14579.071 3600 3.800 13.897 0 0 0 0 528 148364 16 0 16852
60984 18179.071 3600 3.859 12.190 0 0 0 0 504 133284 11 0 16852
60984 21779.071 3600 3.739 12.663 0 0 0 0 520 137218 24 0 16852
60984 25379.071 3600 3.261 11.370 0 0 0 0 536 121614 12 0 16852
60984 28979.071 3600 3.896 12.981 0 0 0 0 488 140601 28 0 16852
60984 32579.071 3600 3.668 12.557 0 0 0 0 544 134811 18 0 16852
60984 36179.071 3600 3.395 12.244 0 0 0 0 504 131226 15 0 16852
60984 39779.071 3600 3.501 12.177 0 0 0 0 544 131318 21 0 16852
60984 43379.071 3600 3.736 11.669 0 0 0 0 480 129616 10 0 16852
60984 46979.071 3600 4.077 13.436 0 0 0 0 496 148786 13 0 16852
60984 50579.071 3600 3.726 12.609 0 0 0 0 480 135623 13 0 16852
60984 54179.071 3600 3.827 12.320 0 0 0 0 504 132805 7 0 16852
60984 57779.071 3600 3.544 13.427 0 0 0 0 504 143140 10 0 16852
60984 61379.071 3600 3.796 12.814 0 0 0 0 536 137952 25 0 16852
60984 64979.071 3600 4.209 13.308 0 0 0 0 472 147889 16 0 16852
60984 68579.071 3600 3.588 13.240 0 0 0 0 512 139958 15 0 16852
60984 72179.071 3600 4.178 13.787 0 0 0 0 512 150428 11 0 16852
60984 75779.071 3600 4.163 14.173 0 0 0 0 504 151856 14 0 16852
60984 79379.071 3600 4.076 13.721 0 0 0 0 504 148359 13 0 16852
60984 82979.071 3600 4.051 15.078 0 0 0 0 488 159671 18 0 16852
60985 179.075 3600 4.023 14.250 0 0 0 0 504 153059 14 0 16852
60985 3779.071 3600 4.007 13.692 0 0 0 0 496 146725 16 0 16852
60985 7379.071 3600 4.468 13.395 0 0 0 0 520 147626 14 0 16852
60985 10979.071 3600 3.799 13.467 0 0 0 0 528 143809 14 0 16852
60985 14579.071 3600 3.945 13.778 0 0 0 0 512 146565 19 0 16852
60985 18179.071 3600 3.359 13.019 0 0 0 0 496 135653 11 0 16852
60985 21779.071 3600 3.858 12.442 0 0 0 0 536 137062 8 0 16852
60985 25379.071 3600 4.132 12.472 0 0 0 0 496 138277 11 0 16852
60985 28979.071 3600 3.658 13.240 0 0 0 0 496 140685 19 0 16852
60985 32579.071 3600 3.579 14.557 0 0 0 0 520 152307 16 0 16852
60985 36179.071 3600 3.585 13.001 0 0 0 0 536 137361 15 0 16852
60985 39779.071 3600 3.855 13.698 0 0 0 0 536 147228 19 0 16852
60985 43379.071 3600 3.348 12.576 0 0 0 0 520 131841 15 0 16852
60985 46979.071 3600 3.708 12.880 0 0 0 0 512 137477 11 0 16852
60985 50579.071 3600 4.169 14.314 0 0 0 0 504 157153 19 0 16852
60985 54179.071 3600 3.752 14.513 0 0 0 0 488 151847 16 0 16852
60985 57779.071 3600 4.707 14.243 0 0 0 0 480 158026 20 0 16852
60985 61379.071 3600 4.121 14.015 0 0 0 0 480 150337 12 0 16852
60985 64979.071 3600 3.912 13.055 0 0 0 0 480 140372 13 0 16852
60985 68579.071 3600 4.305 13.845 0 0 0 0 496 150602 12 0 16852
60985 72179.071 3600 3.813 14.361 0 0 0 0 480 150020 11 0 16852
60985 75779.071 3600 4.970 15.348 0 0 0 0 504 170450 17 0 16852
60985 79379.071 3600 3.830 13.136 0 0 0 0 504 141392 19 0 16852
60985 82979.071 3600 4.241 14.591 0 0 0 0 520 156744 16 0 16852
60986 179.071 3600 5.315 17.793 0 0 0 0 504 201439 17 0 16852
60986 3779.071 3600 3.984 14.927 0 0 0 0 512 156707 10 0 16852
60986 7379.071 3600 3.768 13.961 0 0 0 0 480 145821 17 0 16852
60986 10979.071 3600 3.612 13.448 0 0 0 0 528 141909 15 0 16852
60986 14579.071 3600 4.328 12.916 0 0 0 0 496 142250 18 0 16852
60986 18179.071 3600 3.964 12.734 0 0 0 0 528 136590 25 0 16852
60986 21779.071 3600 3.438 11.765 0 0 0 0 504 125031 15 0 16852
60986 25379.071 3600 3.213 12.178 0 0 0 0 512 127832 15 0 16852
60986 28979.071 3600 3.597 12.083 0 0 0 0 520 129259 27 0 16852
60986 32579.071 3600 3.948 12.860 0 0 0 0 504 139540 16 0 16852
60986 36179.071 3600 4.321 12.817 0 0 0 0 544 145918 22 0 16852
60986 39779.071 3600 3.783 13.144 0 0 0 0 520 141615 19 0 16852
60986 43379.071 3600 3.610 12.561 0 0 0 0 504 134205 10 0 16852
60986 46979.071 3600 4.030 13.714 0 0 0 0 520 147382 14 0 16852
60986 50579.071 3600 3.597 12.404 0 0 0 0 496 132933 10 0 16852
60986 54179.071 3600 4.143 13.928 0 0 0 0 512 154043 26 0 16852
60986 57779.071 3600 4.185 13.136 0 0 0 0 520 145033 10 0 16852
60986 61379.071 3600 3.741 12.918 0 0 0 0 496 137742 18 0 16852
60986 64979.071 3600 4.122 14.168 0 0 0 0 504 150640 24 0 16852
60986 68579.071 3600 4.271 15.438 0 0 0 0 512 163873 23 0 16852
60986 72179.071 3600 4.199 13.576 0 0 0 0 480 151793 8 0 16852
60986 75779.071 3600 4.119 13.908 0 0 0 0 512 149703 18 0 16852
60986 79379.071 3600 4.343 14.532 0 0 0 0 496 156455 24 0 16852
60986 82979.071 3600 3.905 12.966 0 0 0 0 504 139868 8 0 16852
60987 179.071 3600 3.807 12.837 0 0 0 0 504 137401 12 0 16852
60987 3779.071 3600 4.047 15.375 0 0 0 0 520 163736 13 0 16852
60987 7379.071 3600 3.980 13.393 0 0 0 0 504 144697 16 0 16852
60987 10979.071 3600 3.646 12.288 0 0 0 0 520 132930 18 0 16852
60987 14579.071 3600 3.363 12.302 0 0 0 0 520 128125 11 0 16852
60987 18179.071 3600 4.120 13.154 0 0 0 0 512 143122 7 0 16852
60987 21779.071 3600 3.689 12.230 0 0 0 0 520 129735 8 0 16852
60987 25379.071 3600 3.840 13.057 0 0 0 0 520 139597 16 0 16852
60987 28979.071 3600 3.884 12.539 0 0 0 0 504 140116 19 0 16852
60987 32579.071 3600 3.419 11.165 0 0 0 0 528 120234 8 0 16852
60987 36179.071 3600 3.555 12.205 0 0 0 0 512 130114 10 0 16852
60987 39779.071 3600 3.114 11.128 0 0 0 0 520 117004 19 0 16852
60987 43379.071 3600 3.384 11.718 0 0 0 0 504 125067 10 0 16852
60987 46979.071 3600 4.039 12.453 0 0 0 0 520 138499 12 0 16852
60987 50579.071 3600 3.318 11.826 0 0 0 0 528 127083 8 0 16852
60987 54179.071 3600 3.907 12.451 0 0 0 0 496 135554 13 0 16852
60987 57779.071 3600 3.249 12.669 0 0 0 0 488 130806 14 0 16852
60987 61379.071 3600 3.835 12.435 0 0 0 0 504 133197 20 0 16852
60987 64979.071 3600 3.979 12.684 0 0 0 0 504 136976 19 0 16852
60987 68579.071 3600 3.417 12.517 0 0 0 0 520 130409 9 0 16852
60987 72179.071 3600 3.560 13.318 0 0 0 0 520 139910 14 0 16852
60987 75779.071 3600 3.741 13.770 0 0 0 0 528 144230 10 0 16852
60987 79379.071 3600 4.123 12.831 0 0 0 0 520 144864 7 0 16852
60987 82979.071 3600 3.522 12.695 0 0 0 0 512 135055 8 0 16852
60988 179.071 3600 3.751 13.425 0 0 0 0 496 143782 17 0 16852
60988 3779.071 3600 3.808 13.067 0 0 0 0 504 138915 8 0 16852
60988 7379.071 3600 3.793 12.932 0 0 0 0 512 135867 17 0 16852
60988 10979.071 3600 3.868 13.429 0 0 0 0 496 141984 13 0 16852
60988 14579.071 3600 3.593 12.667 0 0 0 0 488 133607 13 0 16852
60988 18179.071 3600 3.421 13.193 0 0 0 0 488 135657 14 0 16852
60988 21779.071 3600 3.899 12.940 0 0 0 0 496 142462 13 0 16852
60988 25379.071 3600 3.137 11.355 0 0 0 0 536 120004 13 0 16852
60988 28979.071 3600 3.043 11.593 0 0 0 0 512 120080 15 0 16852
60988 32579.071 3600 3.769 11.510 0 0 0 0 520 124958 16 0 16852
60988 36179.071 3600 3.858 13.815 0 0 0 0 504 147526 12 0 16852
60988 39779.071 3600 3.368 11.376 0 0 0 0 496 121590 16 0 16852
60988 43379.071 3600 3.332 10.979 0 0 0 0 488 116466 11 0 16852
60988 46979.071 3600 3.925 13.172 0 0 0 0 488 145509 13 0 16852
60988 50579.071 3600 3.287 12.176 0 0 0 0 496 127926 18 0 16852
60988 54179.071 3600 3.906 13.699 0 0 0 0 520 147375 16 0 16852
60988 57779.071 3600 3.370 12.696 0 0 0 0 520 132927 11 0 16852
60988 61379.071 3600 3.709 13.890 0 0 0 0 480 146633 21 0 16852
60988 64979.071 3600 3.723 13.345 0 0 0 0 496 141916 14 0 16852
60988 68579.071 3600 3.593 13.955 0 0 0 0 512 144988 14 0 16852
60988 72179.071 3600 3.224 12.806 0 0 0 0 528 131656 17 0 16852
60988 75779.071 3600 4.033 13.990 0 0 0 0 488 148760 22 0 16852
60988 79379.071 3600 3.770 12.859 0 0 0 0 528 135890 15 0 16852
60988 82979.071 3600 3.563 12.414 0 0 0 0 520 130947 15 0 16852
60989 179.071 3600 3.953 13.996 0 0 0 0 512 147759 17 0 16852
60989 3779.071 3600 4.205 14.089 0 0 0 0 504 152117 13 0 16852
60989 7379.071 3600 3.876 13.732 0 0 0 0 504 145568 20 0 16852
60989 10979.071 3600 4.345 15.221 0 0 0 0 488 163263 19 0 16852
60989 14579.071 3600 3.806 14.039 0 0 0 0 496 148216 17 0 16852
60989 18179.071 3600 4.157 12.577 0 0 0 0 504 139750 20 0 16852
60989 21779.071 3600 4.057 13.508 0 0 0 0 512 146649 21 0 16852
60989 25379.071 3600 3.360 12.317 0 0 0 0 488 129297 11 0 16852
60989 28979.071 3600 3.659 14.055 0 0 0 0 512 149067 12 0 16852
60989 32579.071 3600 4.164 14.222 0 0 0 0 480 168115 24 0 16852
60989 36179.071 3600 3.693 11.868 0 0 0 0 512 130940 17 0 16852
60989 39779.071 3600 4.037 13.157 0 0 0 0 520 151065 25 0 16852
60989 43379.071 3600 3.716 12.995 0 0 0 0 496 140427 19 0 16852
60989 46979.071 3600 3.673 13.029 0 0 0 0 488 138904 12 0 16852
60989 50579.071 3600 3.667 13.538 0 0 0 0 520 142508 19 0 16852
60989 54179.071 3600 3.557 12.764 0 0 0 0 488 134916 14 0 16852
60989 57779.071 3600 3.676 12.823 0 0 0 0 512 135464 14 0 16852
60989 61379.071 3600 4.057 14.502 0 0 0 0 520 158821 15 0 16852
60989 64979.071 3600 3.980 14.249 0 0 0 0 496 151237 11 0 16852
60989 68579.071 3600 4.444 14.545 0 0 0 0 480 159563 22 0 16852
60989 72179.071 3600 4.184 14.468 0 0 0 0 480 155803 14 0 16852
60989 75779.071 3600 3.927 13.737 0 0 0 0 496 145963 27 0 16852
60989 79379.071 3600 3.835 13.078 0 0 0 0 512 139161 16 0 16852
60989 82979.071 3600 4.033 13.742 0 0 0 0 504 147448 19 0 16852
60990 179.071 3600 3.984 13.540 0 0 0 0 504 145777 11 0 16852
60990 3779.071 3600 4.364 15.501 0 0 0 0 480 168716 16 0 16852
60990 7379.071 3600 3.701 13.065 0 0 0 0 528 138210 11 0 16852
60990 10979.071 3600 4.089 13.350 0 0 0 0 520 144843 5 0 16852
60990 14579.071 3600 3.386 12.126 0 0 0 0 496 128915 14 0 16852
60990 18179.071 3600 3.869 12.470 0 0 0 0 536 135478 8 0 16852
60990 21779.071 3600 3.710 13.259 0 0 0 0 504 141711 14 0 16852
60990 25379.071 3600 3.398 11.727 0 0 0 0 520 126400 13 0 16852
60990 28979.071 3600 3.403 12.942 0 0 0 0 496 135608 9 0 16852
60990 32579.071 3600 3.497 12.058 0 0 0 0 512 129684 13 0 16852
60990 36179.071 3600 3.525 12.301 0 0 0 0 520 131566 19 0 16852
60990 39779.071 3600 3.373 12.208 0 0 0 0 520 133049 15 0 16852
60990 43379.071 3600 3.869 12.504 0 0 0 0 512 135999 11 0 16852
60990 46979.071 3600 3.957 13.404 0 0 0 0 528 145522 16 0 16852
60990 50579.071 3600 3.781 13.977 0 0 0 0 512 147897 13 0 16852
60990 54179.071 3600 3.694 13.669 0 0 0 0 528 143831 16 0 16852
60990 57779.071 3600 4.006 14.101 0 0 0 0 504 149683 19 0 16852
60990 61379.071 3600 4.042 14.182 0 0 0 0 488 151170 11 0 16852
60990 64979.071 3600 4.537 13.460 0 0 0 0 528 149396 9 0 16852
60990 68579.071 3600 3.906 12.858 0 0 0 0 536 138132 17 0 16852
60990 72179.071 3600 4.015 14.097 0 0 0 0 520 149824 11 0 16852
60990 75779.071 3600 3.883 14.453 0 0 0 0 504 152243 11 0 16852
60990 79379.071 3600 4.048 13.365 0 0 0 0 496 142924 6 0 16852
60990 82979.071 3600 4.291 13.999 0 0 0 0 496 150871 13 0 16852
60991 179.071 3600 4.443 15.499 0 0 0 0 520 179835 19 0 16852
60991 3779.071 3600 4.229 14.755 0 0 0 0 472 158108 17 0 16852
60991 7379.071 3600 3.628 12.180 0 0 0 0 488 129416 11 0 16852
60991 10979.071 3600 4.111 14.563 0 0 0 0 480 156230 18 0 16852
60991 14579.071 3600 3.643 12.857 0 0 0 0 512 136924 15 0 16852
60991 18179.071 3600 3.673 11.788 0 0 0 0 480 128327 15 0 16852
60991 21779.071 3600 3.782 12.308 0 0 0 0 480 134660 8 0 16852
60991 25379.071 3600 3.399 12.796 0 0 0 0 488 135070 15 0 16852
60991 28979.071 3600 4.073 13.972 0 0 0 0 480 154420 9 0 16852
60991 32579.071 3600 3.182 12.894 0 0 0 0 496 133327 13 0 16852
60991 36179.071 3600 3.647 12.474 0 0 0 0 528 133737 4 0 16852
60991 39779.071 3600 3.408 12.666 0 0 0 0 496 134279 17 0 16852
60991 43379.071 3600 3.573 13.528 0 0 0 0 496 143058 16 0 16852
60991 46979.071 3600 4.034 14.356 0 0 0 0 520 154043 14 0 16852
60991 50579.071 3600 3.763 12.659 0 0 0 0 520 135051 12 0 16852
60991 54179.071 3600 3.800 13.369 0 0 0 0 520 141905 17 0 16852
60991 57779.071 3600 4.024 14.276 0 0 0 0 496 157724 11 0 16852
60991 61379.071 3600 4.005 13.442 0 0 0 0 488 145223 20 0 16852
60991 64979.071 3600 3.246 13.668 0 0 0 0 496 140925 2 0 16852
60991 68579.071 3600 4.064 13.483 0 0 0 0 496 144926 7 0 16852
60991 72179.071 3600 3.797 12.934 0 0 0 0 472 137553 13 0 16852
60991 75779.071 3600 3.569 13.476 0 0 0 0 480 141048 14 0 16852
60991 79379.071 3600 4.195 14.469 0 0 0 0 464 157899 13 0 16852
60991 82979.071 3600 4.759 16.797 0 0 0 0 496 183426 14 0 16852
60992 179.071 3600 4.371 15.312 0 0 0 0 512 165097 12 0 16852
60992 3779.071 3600 3.792 14.652 0 0 0 0 520 153828 17 0 16852
60992 7379.071 3600 4.579 13.152 0 0 0 0 504 147904 13 0 16852
60992 10979.071 3600 3.692 14.264 0 0 0 0 512 149867 16 0 16852
60992 14579.071 3600 3.784 13.950 0 0 0 0 504 148909 10 0 16852
60992 18179.071 3600 3.866 12.475 0 0 0 0 504 135586 8 0 16852
60992 21779.071 3600 3.658 13.356 0 0 0 0 488 141606 17 0 16852
60992 25379.071 3600 3.548 11.601 0 0 0 0 480 125604 12 0 16852
60992 28979.071 3600 3.613 12.384 0 0 0 0 496 136743 21 0 16852
60992 32579.071 3600 3.672 12.647 0 0 0 0 512 137495 10 0 16852
60992 36179.071 3600 3.970 13.359 0 0 0 0 504 149440 10 0 16852
60992 39779.071 3600 3.693 13.414 0 0 0 0 512 142573 7 0 16852
60992 43379.071 3600 3.545 12.842 0 0 0 0 480 136241 16 0 16852
60992 46979.071 3600 3.937 14.062 0 0 0 0 480 150107 14 0 16852
60992 50579.071 3600 3.539 13.551 0 0 0 0 472 141493 16 0 16852
60992 54179.071 3600 3.977 13.871 0 0 0 0 496 148349 18 0 16852
60992 57779.071 3600 4.380 13.590 0 0 0 0 504 149846 17 0 16852
60992 61379.071 3600 3.992 13.271 0 0 0 0 520 144351 14 0 16852
60992 64979.071 3600 4.124 14.068 0 0 0 0 504 150952 25 0 16852
60992 68579.071 3600 3.819 13.576 0 0 0 0 512 143368 16 0 16852
60992 72179.071 3600 3.784 13.730 0 0 0 0 528 144320 9 0 16852
60992 75779.071 3600 3.840 13.672 0 0 0 0 496 144923 17 0 16852
60992 79379.071 3600 4.489 15.835 0 0 0 0 520 172280 18 0 16852
60992 82979.071 3600 4.092 14.222 0 0 0 0 528 152531 14 0 16852
60993 179.071 3600 3.795 13.197 0 0 0 0 504 140413 9 0 16852
60993 3779.071 3600 4.314 14.904 0 0 0 0 504 160675 10 0 16852
60993 7379.071 3600 4.061 13.776 0 0 0 0 504 147191 11 0 16852
60993 10979.071 3600 3.928 13.640 0 0 0 0 488 146811 12 0 16852
60993 14579.071 3600 3.347 13.160 0 0 0 0 520 135405 20 0 16852
60993 18179.071 3600 3.766 12.498 0 0 0 0 504 134035 11 0 16852
60993 21779.071 3600 3.524 12.783 0 0 0 0 528 135207 13 0 16852
60993 25379.071 3600 3.628 12.906 0 0 0 0 504 140503 11 0 16852
60993 28979.071 3600 4.172 12.679 0 0 0 0 528 142240 21 0 16852
60993 32579.071 3600 4.413 15.435 0 0 0 0 504 181741 14 0 16852
60993 36179.071 3600 3.865 12.105 0 0 0 0 488 133015 9 0 16852
60993 39779.071 3600 3.761 12.491 0 0 0 0 504 135518 9 0 16852
60993 43379.071 3600 3.173 12.115 0 0 0 0 496 126464 5 0 16852
60993 46979.071 3600 3.422 12.504 0 0 0 0 512 131912 12 0 16852
60993 50579.071 3600 3.755 11.927 0 0 0 0 520 129255 17 0 16852
60993 54179.071 3600 4.227 12.931 0 0 0 0 512 142792 10 0 16852
60993 57779.071 3600 3.828 13.248 0 0 0 0 488 140367 9 0 16852
60993 61379.071 3600 3.741 13.329 0 0 0 0 528 140810 14 0 16852
60993 64979.071 3600 4.151 13.454 0 0 0 0 504 146028 12 0 16852
60993 68579.071 3600 3.993 14.607 0 0 0 0 512 154312 12 0 16852
60993 72179.071 3600 3.925 13.180 0 0 0 0 520 141271 14 0 16852
60993 75779.071 3600 3.877 13.227 0 0 0 0 512 141643 14 0 16852
60993 79379.071 3600 4.647 14.604 0 0 0 0 544 159153 19 0 16852
60993 82979.071 3600 4.243 13.740 0 0 0 0 496 148829 8 0 16852
60994 179.071 3600 4.096 13.410 0 0 0 0 520 144120 14 0 16852
60994 3779.071 3600 3.937 14.849 0 0 0 0 480 155635 13 0 16852
60994 7379.071 3600 4.095 15.547 0 0 0 0 520 165067 15 0 16852
60994 10979.071 3600 3.939 12.363 0 0 0 0 536 134858 8 0 16852
60994 14579.071 3600 3.633 12.623 0 0 0 0 520 133408 14 0 16852
60994 18179.071 3600 4.168 13.195 0 0 0 0 512 145945 16 0 16852
60994 21779.071 3600 3.520 11.959 0 0 0 0 504 127580 11 0 16852
60994 25379.071 3600 3.059 11.066 0 0 0 0 520 115297 6 0 16852
60994 28979.071 3600 3.142 11.570 0 0 0 0 496 121130 8 0 16852
60994 32579.071 3600 3.474 11.928 0 0 0 0 504 127554 6 0 16852
60994 36179.071 3600 3.847 12.941 0 0 0 0 504 138363 17 0 16852
60994 39779.071 3600 3.334 12.586 0 0 0 0 520 134044 13 0 16852
60994 43379.071 3600 3.387 11.231 0 0 0 0 488 120228 10 0 16852
60994 46979.071 3600 3.283 11.802 0 0 0 0 488 124377 11 0 16852
60994 50579.071 3600 3.982 14.727 0 0 0 0 512 157291 12 0 16852
60994 54179.071 3600 3.857 13.900 0 0 0 0 536 149131 17 0 16852
60994 57779.071 3600 3.901 12.511 0 0 0 0 528 137312 14 0 16852
60994 61379.071 3600 3.784 13.425 0 0 0 0 504 141869 10 0 16852
60994 64979.071 3600 3.923 13.348 0 0 0 0 528 142206 14 0 16852
60994 68579.071 3600 3.785 13.707 0 0 0 0 528 144395 17 0 16852
60994 72179.071 3600 3.704 14.286 0 0 0 0 488 148348 13 0 16852
60994 75779.071 3600 4.138 14.082 0 0 0 0 504 149851 22 0 16852
60994 79379.071 3600 3.864 12.953 0 0 0 0 520 143090 19 0 16852
60994 82979.071 3600 3.904 13.099 0 0 0 0 520 139889 15 0 16852
60995 179.071 3600 4.011 12.136 0 0 0 0 512 132044 12 0 16852
60995 3779.071 3600 3.711 12.699 0 0 0 0 512 134919 18 0 16852
60995 7379.071 3600 4.043 13.932 0 0 0 0 496 152614 13 0 16852
60995 10979.071 3600 3.652 13.484 0 0 0 0 520 140633 12 0 16852
60995 14579.071 3600 3.588 12.267 0 0 0 0 512 128845 16 0 16852
60995 18179.071 3600 3.534 12.833 0 0 0 0 520 134204 9 0 16852
60995 21779.071 3600 3.740 13.080 0 0 0 0 496 137564 14 0 16852
60995 25379.071 3600 3.828 13.001 0 0 0 0 512 138068 13 0 16852
60995 28979.071 3600 4.202 12.304 0 0 0 0 520 134258 16 0 16852
60995 32579.071 3600 3.312 12.680 0 0 0 0 496 130265 20 0 16852
60995 36179.071 3600 3.398 12.904 0 0 0 0 504 134301 15 0 16852
60995 39779.071 3600 3.714 11.558 0 0 0 0 488 124823 7 0 16852
60995 43379.071 3600 3.453 12.216 0 0 0 0 536 129003 19 0 16852
60995 46979.071 3600 3.732 12.339 0 0 0 0 520 132113 16 0 16852
60995 50579.071 3600 3.217 12.875 0 0 0 0 528 133204 9 0 16852
60995 54179.071 3600 4.120 11.983 0 0 0 0 520 132973 15 0 16852
60995 57779.071 3600 3.778 12.524 0 0 0 0 512 135288 24 0 16852
60995 61379.071 3600 3.805 13.005 0 0 0 0 520 139444 15 0 16852
60995 64979.071 3600 3.902 14.142 0 0 0 0 520 148551 12 0 16852
60995 68579.071 3600 4.189 13.783 0 0 0 0 504 147255 14 0 16852
60995 72179.071 3600 3.775 12.413 0 0 0 0 488 132067 15 0 16852
60995 75779.071 3600 4.235 13.679 0 0 0 0 528 146480 17 0 16852
60995 79379.071 3600 3.804 12.687 0 0 0 0 528 137399 8 0 16852
60995 82979.071 3600 4.222 13.283 0 0 0 0 512 145338 16 0 16852
60996 179.071 3600 3.847 13.071 0 0 0 0 528 139450 18 0 16852
60996 3779.071 3600 3.807 13.106 0 0 0 0 496 138389 10 0 16852
60996 7379.071 3600 4.080 13.632 0 0 0 0 528 145900 13 0 16852
60996 10979.071 3600 3.654 12.960 0 0 0 0 528 137828 11 0 16852
60996 14579.071 3600 3.200 11.460 0 0 0 0 512 119751 7 0 16852
60996 18179.071 3600 3.575 11.622 0 0 0 0 536 125052 19 0 16852
60996 21779.071 3600 3.943 13.906 0 0 0 0 496 148747 18 0 16852
60996 25379.071 3600 3.954 12.722 0 0 0 0 520 144432 16 0 16852
60996 28979.071 3600 3.395 12.654 0 0 0 0 488 139506 15 0 16852
60996 32579.071 3600 3.742 11.974 0 0 0 0 496 130767 18 0 16852
60996 36179.071 3600 3.267 11.667 0 0 0 0 496 122861 18 0 16852
60996 39779.071 3600 3.589 12.588 0 0 0 0 496 134363 11 0 16852
60996 43379.071 3600 4.021 13.023 0 0 0 0 504 144393 20 0 16852
60996 46979.071 3600 4.255 13.338 0 0 0 0 512 145692 11 0 16852
60996 50579.071 3600 4.010 14.592 0 0 0 0 488 156802 18 0 16852
60996 54179.071 3600 4.040 13.611 0 0 0 0 544 145271 13 0 16852
60996 57779.071 3600 3.970 13.893 0 0 0 0 512 147762 15 0 16852
60996 61379.071 3600 3.566 13.212 0 0 0 0 504 137765 15 0 16852
60996 64979.071 3600 4.159 13.462 0 0 0 0 504 146058 5 0 16852
60996 68579.071 3600 3.673 13.188 0 0 0 0 512 138270 11 0 16852
60996 72179.071 3600 4.069 14.875 0 0 0 0 512 157305 17 0 16852
60996 75779.071 3600 4.047 14.103 0 0 0 0 504 149384 29 0 16852
60996 79379.071 3600 4.240 13.511 0 0 0 0 504 147229 15 0 16852
60996 82979.071 3600 4.065 15.344 0 0 0 0 512 160238 11 0 16852
60997 179.071 3600 4.206 13.854 0 0 0 0 488 148997 15 0 16852
60997 3779.071 3600 3.842 14.319 0 0 0 0 488 153255 16 0 16852
60997 7379.071 3600 4.351 13.737 0 0 0 0 504 150493 21 0 16852
60997 10979.071 3600 3.747 13.159 0 0 0 0 520 140145 15 0 16852
60997 14579.071 3600 3.481 12.540 0 0 0 0 480 131923 17 0 16852
60997 18179.071 3600 4.016 13.294 0 0 0 0 496 147733 13 0 16852
60997 21779.071 3600 3.808 13.265 0 0 0 0 496 142441 18 0 16852
60997 25379.071 3600 3.807 13.246 0 0 0 0 496 142545 9 0 16852
60997 28979.071 3600 3.942 12.941 0 0 0 0 472 140568 18 0 16852
60997 32579.071 3600 3.941 12.163 0 0 0 0 536 133501 14 0 16852
60997 36179.071 3600 3.873 13.295 0 0 0 0 512 144069 16 0 16852
60997 39779.071 3600 3.395 11.730 0 0 0 0 512 125563 17 0 16852
60997 43379.071 3600 3.576 12.003 0 0 0 0 504 129763 12 0 16852
60997 46979.071 3600 4.260 13.986 0 0 0 0 504 153248 15 0 16852
60997 50579.071 3600 3.650 13.254 0 0 0 0 472 139626 20 0 16852
60997 54179.071 3600 4.146 15.082 0 0 0 0 480 160139 10 0 16852
60997 57779.071 3600 3.932 13.728 0 0 0 0 480 144732 11 0 16852
60997 61379.071 3600 3.611 12.969 0 0 0 0 472 136420 7 0 16852
60997 64979.071 3600 3.967 14.654 0 0 0 0 504 154057 19 0 16852
60997 68579.071 3600 3.946 12.636 0 0 0 0 504 135205 19 0 16852
60997 72179.071 3600 3.914 13.773 0 0 0 0 504 145679 13 0 16852
60997 75779.071 3600 3.880 12.790 0 0 0 0 512 136556 8 0 16852
60997 79379.071 3600 4.521 14.394 0 0 0 0 528 156380 13 0 16852
60997 82979.071 3600 3.667 13.448 0 0 0 0 512 139839 6 0 16852
60998 179.071 3600 3.983 13.712 0 0 0 0 496 146561 21 0 16852
60998 3779.071 3600 4.522 13.924 0 0 0 0 528 152391 12 0 16852
60998 7379.071 3600 3.664 13.243 0 0 0 0 504 138887 9 0 16852
60998 10979.071 3600 4.214 15.196 0 0 0 0 520 161703 11 0 16852
60998 14579.071 3600 3.271 11.743 0 0 0 0 512 122477 4 0 16852
60998 18179.071 3600 3.672 12.167 0 0 0 0 520 130373 10 0 16852
60998 21779.071 3600 3.754 13.427 0 0 0 0 504 146152 15 0 16852
60998 25379.071 3600 3.962 14.230 0 0 0 0 528 152431 13 0 16852
60998 28979.071 3600 3.612 12.295 0 0 0 0 496 131227 12 0 16852
60998 32579.071 3600 4.021 12.457 0 0 0 0 528 140136 12 0 16852
60998 36179.071 3600 3.882 13.460 0 0 0 0 520 146798 17 0 16852
60998 39779.071 3600 4.035 13.823 0 0 0 0 544 149113 16 0 16852
60998 43379.071 3600 4.045 14.069 0 0 0 0 504 153083 16 0 16852
60998 46979.071 3600 3.924 13.578 0 0 0 0 520 146550 7 0 16852
60998 50579.071 3600 4.084 14.159 0 0 0 0 504 151158 17 0 16852
60998 54179.071 3600 4.200 14.713 0 0 0 0 512 155999 8 0 16852
60998 57779.071 3600 4.133 14.116 0 0 0 0 496 151558 8 0 16852
60998 61379.071 3600 4.656 14.923 0 0 0 0 520 162230 10 0 16852
60998 64979.071 3600 4.387 14.807 0 0 0 0 488 158506 23 0 16852
60998 68579.071 3600 4.482 15.736 0 0 0 0 512 171310 12 0 16852
60998 72179.071 3600 3.920 15.124 0 0 0 0 472 158432 11 0 16852
60998 75779.071 3600 4.451 15.201 0 0 0 0 512 164546 12 0 16852
60998 79379.071 3600 4.010 14.253 0 0 0 0 520 149959 17 0 16852
60998 82979.071 3600 4.545 15.031 0 0 0 0 496 163184 10 0 16852
60999 179.071 3600 4.209 14.371 0 0 0 0 512 154451 15 0 16852
60999 3779.071 3600 3.927 14.045 0 0 0 0 488 148012 15 0 16852
60999 7379.071 3600 4.037 14.250 0 0 0 0 504 151765 12 0 16852
60999 10979.071 3600 3.909 12.962 0 0 0 0 528 139073 8 0 16852
60999 14579.071 3600 3.775 13.013 0 0 0 0 496 138544 14 0 16852
60999 18179.071 3600 4.172 12.852 0 0 0 0 512 141705 15 0 16852
60999 21779.071 3600 3.935 13.790 0 0 0 0 512 149618 7 0 16852
60999 25379.071 3600 3.833 13.092 0 0 0 0 504 140894 26 0 16852
60999 28979.071 3600 3.700 11.465 0 0 0 0 544 125529 12 0 16852
60999 32579.071 3600 3.570 12.813 0 0 0 0 520 138991 13 0 16852
60999 36179.071 3600 3.316 11.691 0 0 0 0 504 124388 17 0 16852
60999 39779.071 3600 3.858 12.721 0 0 0 0 496 138862 15 0 16852
60999 43379.071 3600 3.762 13.000 0 0 0 0 496 138851 20 0 16852
60999 46979.071 3600 4.005 12.594 0 0 0 0 488 136894 11 0 16852
60999 50579.071 3600 4.324 14.211 0 0 0 0 488 153424 17 0 16852
60999 54179.071 3600 3.933 13.686 0 0 0 0 528 145341 12 0 16852
60999 57779.071 3600 4.164 15.687 0 0 0 0 512 166610 18 0 16852
60999 61379.071 3600 3.731 12.895 0 0 0 0 520 137009 18 0 16852
60999 64979.071 3600 4.324 13.643 0 0 0 0 504 149184 21 0 16852
60999 68579.071 3600 4.199 14.761 0 0 0 0 496 157928 9 0 16852
60999 72179.071 3600 3.596 14.248 0 0 0 0 512 146835 9 0 16852
60999 75779.071 3600 4.512 16.268 0 0 0 0 504 174167 18 0 16852
60999 79379.071 3600 3.793 13.365 0 0 0 0 480 140687 11 0 16852
60999 82979.071 3600 3.838 14.023 0 0 0 0 520 146681 17 0 16852
61000 179.071 3600 3.680 12.593 0 0 0 0 488 133420 11 0 16852
61000 3779.071 3600 4.666 15.270 0 0 0 0 480 165460 17 0 16852
61000 7379.071 3600 3.707 13.679 0 0 0 0 496 144454 23 0 16852
61000 10979.071 3600 4.304 14.294 0 0 0 0 536 153932 18 0 16852
61000 14579.071 3600 4.004 14.110 0 0 0 0 528 150022 20 0 16852
61000 18179.071 3600 4.026 12.378 0 0 0 0 528 134705 12 0 16852
61000 21779.071 3600 3.514 12.325 0 0 0 0 512 130058 14 0 16852
61000 25379.071 3600 3.463 12.950 0 0 0 0 520 136249 12 0 16852
61000 28979.071 3600 4.095 14.140 0 0 0 0 496 152282 15 0 16852
61000 32579.071 3600 3.845 13.251 0 0 0 0 512 142278 11 0 16852
61000 36179.071 3600 3.496 11.909 0 0 0 0 520 127368 23 0 16852
61000 39779.071 3600 4.149 13.959 0 0 0 0 520 151310 10 0 16852
61000 43379.071 3600 3.883 12.836 0 0 0 0 520 139037 15 0 16852
61000 46979.071 3600 4.630 15.568 0 0 0 0 536 168939 25 0 16852
61000 50579.071 3600 4.389 14.835 0 0 0 0 488 159694 14 0 16852
61000 54179.071 3600 3.309 13.177 0 0 0 0 528 136104 9 0 16852
61000 57779.071 3600 4.082 12.381 0 0 0 0 512 135643 14 0 16852
61000 61379.071 3600 4.145 13.133 0 0 0 0 520 147800 9 0 16852
61000 64979.071 3600 3.876 13.369 0 0 0 0 520 144761 10 0 16852
61000 68579.071 3600 4.330 14.047 0 0 0 0 504 151443 9 0 16852
61000 72179.071 3600 4.504 14.822 0 0 0 0 528 161202 11 0 16852
61000 75779.071 3600 4.124 14.478 0 0 0 0 520 155862 22 0 16852
61000 79379.071 3600 4.878 13.611 0 0 0 0 520 158205 11 0 16852
61000 82979.071 3600 3.977 14.641 0 0 0 0 512 154534 7 0 16852
61001 179.071 3600 4.177 14.662 0 0 0 0 520 154961 12 0 16852
61001 3779.071 3600 4.142 14.588 0 0 0 0 480 154607 15 0 16852
61001 7379.071 3600 4.229 14.224 0 0 0 0 512 152364 12 0 16852
61001 10979.071 3600 3.974 13.562 0 0 0 0 504 144117 15 0 16852
61001 14579.071 3600 3.609 12.436 0 0 0 0 504 131382 10 0 16852
61001 18179.071 3600 3.358 12.970 0 0 0 0 512 134050 17 0 16852
61001 21779.071 3600 3.708 12.995 0 0 0 0 536 137938 17 0 16852
61001 25379.071 3600 3.283 12.895 0 0 0 0 512 132250 11 0 16852
61001 28979.071 3600 3.255 11.124 0 0 0 0 520 118081 12 0 16852
61001 32579.071 3600 3.933 12.956 0 0 0 0 520 140546 20 0 16852
61001 36179.071 3600 3.252 11.542 0 0 0 0 488 121692 5 0 16852
61001 39779.071 3600 3.743 11.006 0 0 0 0 528 121136 13 0 16852
61001 43379.071 3600 3.839 13.142 0 0 0 0 536 141470 18 0 16852
61001 46979.071 3600 3.852 12.702 0 0 0 0 496 137302 14 0 16852
61001 50579.071 3600 3.642 13.465 0 0 0 0 496 142439 9 0 16852
61001 54179.071 3600 4.321 12.810 0 0 0 0 496 143739 8 0 16852
61001 57779.071 3600 3.300 12.857 0 0 0 0 520 133385 12 0 16852
61001 61379.071 3600 3.448 11.444 0 0 0 0 496 121384 13 0 16852
61001 64979.071 3600 4.203 15.028 0 0 0 0 512 162712 9 0 16852
61001 68579.071 3600 3.510 12.543 0 0 0 0 488 132643 9 0 16852
61001 72179.071 3600 4.336 14.427 0 0 0 0 528 156629 23 0 16852
61001 75779.071 3600 4.022 13.506 0 0 0 0 512 143691 14 0 16852
61001 79379.071 3600 4.236 13.891 0 0 0 0 504 151005 18 0 16852
61001 82979.071 3600 4.793 14.418 0 0 0 0 528 159055 15 0 16852
61002 179.071 3600 4.097 13.840 0 0 0 0 496 148016 34 0 16852
61002 3779.071 3600 4.026 13.911 0 0 0 0 504 147687 22 0 16852
61002 7379.071 3600 4.013 13.496 0 0 0 0 480 144219 10 0 16852
61002 10979.071 3600 3.698 12.835 0 0 0 0 512 137428 11 0 16852
61002 14579.071 3600 3.670 12.445 0 0 0 0 496 130939 22 0 16852
61002 18179.071 3600 3.473 12.828 0 0 0 0 480 135267 11 0 16852
61002 21779.071 3600 3.972 13.052 0 0 0 0 520 141080 20 0 16852
61002 25379.071 3600 3.897 12.804 0 0 0 0 520 138095 15 0 16852
61002 28979.071 3600 3.243 12.413 0 0 0 0 512 129788 14 0 16852
61002 32579.071 3600 3.929 13.194 0 0 0 0 512 141794 23 0 16852
61002 36179.071 3600 3.890 13.683 0 0 0 0 528 146090 12 0 16852
61002 39779.071 3600 3.741 12.128 0 0 0 0 520 130677 14 0 16852
61002 43379.071 3600 3.566 12.533 0 0 0 0 520 134469 8 0 16852
61002 46979.071 3600 4.009 13.074 0 0 0 0 528 148873 7 0 16852
61002 50579.071 3600 3.330 11.814 0 0 0 0 504 126143 16 0 16852
61002 54179.071 3600 3.636 11.737 0 0 0 0 536 128086 14 0 16852
61002 57779.071 3600 3.437 12.807 0 0 0 0 504 133736 15 0 16852
61002 61379.071 3600 4.246 14.297 0 0 0 0 536 154699 10 0 16852
61002 64979.071 3600 3.752 13.119 0 0 0 0 528 144384 18 0 16852
61002 68579.071 3600 4.093 14.019 0 0 0 0 512 151137 12 0 16852
61002 72179.071 3600 3.905 14.969 0 0 0 0 504 155489 13 0 16852
61002 75779.071 3600 4.354 13.659 0 0 0 0 520 148878 26 0 16852
61002 79379.071 3600 3.639 12.249 0 0 0 0 512 128882 10 0 16852
61002 82979.071 3600 3.704 12.540 0 0 0 0 504 132770 8 0 16852
61003 179.071 3600 4.018 13.479 0 0 0 0 496 145800 15 0 16852
61003 3779.071 3600 3.660 12.075 0 0 0 0 520 128628 21 0 16852
61003 7379.071 3600 4.830 15.535 0 0 0 0 528 169925 21 0 16852
61003 10979.071 3600 4.090 14.730 0 0 0 0 520 156007 14 0 16852
61003 14579.071 3600 3.688 11.990 0 0 0 0 520 128858 10 0 16852
61003 18179.071 3600 3.773 12.670 0 0 0 0 504 138201 12 0 16852
61003 21779.071 3600 3.705 13.000 0 0 0 0 488 138268 8 0 16852
61003 25379.071 3600 3.623 11.652 0 0 0 0 520 125491 9 0 16852
61003 28979.071 3600 3.578 11.751 0 0 0 0 504 126810 14 0 16852
61003 32579.071 3600 3.535 12.395 0 0 0 0 544 131177 11 0 16852
61003 36179.071 3600 3.446 13.070 0 0 0 0 504 136226 19 0 16852
61003 39779.071 3600 3.000 12.512 0 0 0 0 496 127656 12 0 16852
61003 43379.071 3600 3.485 12.878 0 0 0 0 504 136737 15 0 16852
61003 46979.071 3600 3.596 13.241 0 0 0 0 496 140855 16 0 16852
61003 50579.071 3600 3.955 12.859 0 0 0 0 472 139276 14 0 16852
61003 54179.071 3600 4.177 14.257 0 0 0 0 496 153383 21 0 16852
61003 57779.071 3600 3.803 12.944 0 0 0 0 512 137268 13 0 16852
61003 61379.071 3600 4.069 14.250 0 0 0 0 488 158504 15 0 16852
61003 64979.071 3600 3.578 13.282 0 0 0 0 520 138970 12 0 16852
61003 68579.071 3600 4.333 14.541 0 0 0 0 520 156962 7 0 16852
61003 72179.071 3600 3.965 13.430 0 0 0 0 488 142370 14 0 16852
61003 75779.071 3600 3.652 12.970 0 0 0 0 504 137654 13 0 16852
61003 79379.071 3600 4.128 13.261 0 0 0 0 488 144225 25 0 16852
61003 82979.071 3600 3.696 13.574 0 0 0 0 520 142444 15 0 16852
61004 179.071 3600 4.152 14.183 0 0 0 0 504 153480 12 0 16852
61004 3779.071 3600 4.636 17.148 0 0 0 0 552 184517 16 0 16852
61004 7379.071 3600 3.629 13.315 0 0 0 0 496 140041 20 0 16852
61004 10979.071 3600 3.687 12.976 0 0 0 0 520 137864 11 0 16852
61004 14579.071 3600 3.889 13.455 0 0 0 0 504 147679 10 0 16852
61004 18179.071 3600 3.918 13.468 0 0 0 0 528 145714 17 0 16852
61004 21779.071 3600 3.739 12.376 0 0 0 0 520 133372 13 0 16852
61004 25379.071 3600 3.691 12.931 0 0 0 0 512 138294 11 0 16852
61004 28979.071 3600 3.772 12.747 0 0 0 0 472 140663 19 0 16852
61004 32579.071 3600 3.315 11.919 0 0 0 0 488 125152 19 0 16852
61004 36179.071 3600 3.536 12.544 0 0 0 0 496 133259 12 0 16852
61004 39779.071 3600 4.455 15.416 0 0 0 0 496 168014 8 0 16852
61004 43379.071 3600 3.955 14.042 0 0 0 0 520 150118 21 0 16852
61004 46979.071 3600 3.479 13.003 0 0 0 0 520 135712 18 0 16852
61004 50579.071 3600 4.113 14.544 0 0 0 0 496 160839 14 0 16852
61004 54179.071 3600 4.104 14.347 0 0 0 0 528 153797 17 0 16852
61004 57779.071 3600 4.322 14.381 0 0 0 0 528 155666 16 0 16852
61004 61379.071 3600 4.120 15.185 0 0 0 0 504 161262 10 0 16852
61004 64979.071 3600 4.187 13.058 0 0 0 0 512 143552 20 0 16852
61004 68579.071 3600 3.410 12.564 0 0 0 0 520 131882 18 0 16852
61004 72179.071 3600 4.483 14.043 0 0 0 0 504 159898 18 0 16852
61004 75779.071 3600 3.878 12.968 0 0 0 0 480 139092 12 0 16852
61004 79379.071 3600 3.841 12.823 0 0 0 0 504 138181 13 0 16852
61004 82979.071 3600 3.857 12.955 0 0 0 0 520 138818 13 0 16852
61005 179.071 3600 3.806 12.755 0 0 0 0 496 137207 14 0 16852
61005 3779.071 3600 3.600 13.687 0 0 0 0 504 143019 14 0 16852
61005 7379.071 3600 4.402 13.745 0 0 0 0 504 153133 13 0 16852
61005 10979.071 3600 3.725 13.554 0 0 0 0 504 143914 10 0 16852
61005 14579.071 3600 4.199 13.941 0 0 0 0 512 152005 17 0 16852
61005 18179.071 3600 3.319 13.583 0 0 0 0 504 141425 19 0 16852
61005 21779.071 3600 3.528 12.004 0 0 0 0 528 129434 14 0 16852
61005 25379.071 3600 3.597 12.383 0 0 0 0 504 132813 19 0 16852
61005 28979.071 3600 3.668 13.065 0 0 0 0 512 139020 14 0 16852
61005 32579.071 3600 3.652 12.447 0 0 0 0 512 134146 11 0 16852
61005 36179.071 3600 3.535 12.617 0 0 0 0 544 134509 9 0 16852
61005 39779.071 3600 3.577 12.470 0 0 0 0 520 133401 12 0 16852
61005 43379.071 3600 4.148 13.230 0 0 0 0 536 147522 13 0 16852
61005 46979.071 3600 3.659 12.453 0 0 0 0 528 135364 14 0 16852
61005 50579.071 3600 4.240 13.669 0 0 0 0 512 149805 18 0 16852
61005 54179.071 3600 4.064 12.700 0 0 0 0 520 139745 9 0 16852
61005 57779.071 3600 4.369 14.132 0 0 0 0 512 155899 17 0 16852
61005 61379.071 3600 3.932 14.022 0 0 0 0 504 150104 9 0 16852
61005 66543.306 3600 5.026 14.121 2906 17 0 5504 600 147979 97 0 16920
61005 70143.304 3600 4.380 14.979 0 0 0 16 528 153079 15 0 16920
61005 73743.304 3600 4.695 15.053 0 0 0 0 504 156984 12 0 16920
61005 77343.304 3600 4.414 13.899 0 0 0 0 504 145586 13 0 16920
61005 80943.304 3600 4.288 14.758 0 0 0 0 480 152234 14 0 16920
61005 84543.304 3600 4.351 15.196 0 0 0 0 496 156227 10 0 16920
61006 1743.305 3600 4.259 14.373 0 0 0 0 512 152427 8 0 16920
61006 5343.304 3600 4.460 14.429 0 0 0 0 520 154083 12 0 16920
61006 8943.304 3600 4.105 13.028 0 0 0 0 504 138941 9 0 16920
61006 12543.304 3600 4.248 13.421 0 0 0 0 496 142731 19 0 16920
61006 16143.304 3600 4.175 12.627 0 0 0 0 488 136057 7 0 16920
61006 19743.304 3600 4.573 13.634 0 0 0 0 520 149153 15 0 16920
61006 23343.304 3600 3.752 12.779 0 0 0 0 512 135014 11 0 16920
61006 26943.304 3600 3.781 12.697 0 0 0 0 504 132858 15 0 16920
61006 30543.304 3600 3.728 13.490 0 0 0 0 520 141248 15 0 16920
61006 34143.304 3600 3.731 12.472 0 0 0 0 488 131064 11 0 16920
61006 37743.304 3600 3.806 12.257 0 0 0 0 520 129634 9 0 16920
61006 41343.304 3600 4.171 13.788 0 0 0 0 512 148271 15 0 16920
61006 44943.304 3600 3.808 12.729 0 0 0 0 520 135847 10 0 16920
61006 48543.304 3600 3.856 12.477 0 0 0 0 504 132328 12 0 16920
61006 52143.304 3600 3.783 11.892 0 0 0 0 520 126564 12 0 16920
61006 55743.304 3600 3.674 12.402 0 0 0 0 536 129422 16 0 16920
61006 59343.304 3600 3.644 13.119 0 0 0 0 520 135716 11 0 16920
61006 62943.304 3600 4.133 13.733 0 0 0 0 520 145905 11 0 16920
61006 66543.304 3600 4.530 13.975 0 0 0 0 504 152210 9 0 16920
61006 70143.304 3600 3.562 13.481 0 0 0 0 512 137713 11 0 16920
61006 73743.304 3600 3.724 11.937 0 0 0 0 544 126659 2 0 16920
61006 77343.304 3600 4.452 13.392 0 0 0 0 528 147315 9 0 16920
61006 80943.304 3600 4.341 14.479 0 0 0 0 504 156847 13 0 16920
61006 84543.304 3600 3.702 12.158 0 0 0 0 496 129156 6 0 16920
61007 1743.305 3600 4.569 14.751 0 0 0 0 496 158609 17 0 16920
61007 5343.304 3600 4.091 13.290 0 0 0 0 520 142460 21 0 16920
61007 8943.304 3600 4.405 14.666 0 0 0 0 512 157852 10 0 16920
61007 12543.304 3600 4.065 13.405 0 0 0 0 512 146486 10 0 16920
61007 16143.304 3600 4.129 13.588 0 0 0 0 480 143741 16 0 16920
61007 19743.304 3600 3.709 11.916 0 0 0 0 528 125952 13 0 16920
61007 23343.304 3600 3.512 11.964 0 0 0 0 544 124391 10 0 16920
61007 26943.304 3600 4.060 12.212 0 0 0 0 504 131940 11 0 16920
61007 30543.304 3600 3.524 11.155 0 0 0 0 480 119314 9 0 16920
61007 34143.304 3600 3.689 12.435 0 0 0 0 528 131620 12 0 16920
61007 37743.304 3600 3.701 11.888 0 0 0 0 528 126414 4 0 16920
61007 41343.304 3600 3.616 12.635 0 0 0 0 496 131723 18 0 16920
61007 44943.304 3600 3.925 13.050 0 0 0 0 528 139687 10 0 16920
61007 48543.304 3600 3.956 13.079 0 0 0 0 520 139570 13 0 16920
61007 52143.304 3600 4.250 13.823 0 0 0 0 496 148306 15 0 16920
61007 55743.304 3600 3.599 12.105 0 0 0 0 528 127312 10 0 16920
61007 59343.304 3600 3.942 13.359 0 0 0 0 504 140568 18 0 16920
61007 62943.304 3600 3.975 14.180 0 0 0 0 512 148012 9 0 16920
61007 66543.304 3600 4.446 15.342 0 0 0 0 512 162487 12 0 16920
61007 70143.304 3600 3.900 13.691 0 0 0 0 496 143004 10 0 16920
61007 73743.304 3600 4.695 14.018 0 0 0 0 528 152243 19 0 16920
61007 77343.304 3600 4.046 13.242 0 0 0 0 504 142265 8 0 16920
61007 80943.304 3600 4.813 14.364 0 0 0 0 520 159490 7 0 16920
61007 84543.304 3600 4.023 12.575 0 0 0 0 480 133694 9 0 16920
61008 1743.305 3600 4.158 14.447 0 0 0 0 520 150041 24 0 16920
61008 5343.304 3600 3.517 12.912 0 0 0 0 496 131852 12 0 16920
61008 8943.304 3600 4.114 13.469 0 0 0 0 528 141870 15 0 16920
61008 12543.304 3600 3.602 13.096 0 0 0 0 504 134661 8 0 16920
61008 16143.304 3600 4.312 13.327 0 0 0 0 512 142850 20 0 16920
61008 19743.304 3600 4.034 12.205 0 0 0 0 512 130476 14 0 16920
61008 23343.304 3600 3.176 11.806 0 0 0 0 520 119427 15 0 16920
61008 26943.304 3600 4.021 12.592 0 0 0 0 496 135341 14 0 16920
61008 30543.304 3600 4.375 12.947 0 0 0 0 480 140813 17 0 16920
61008 34143.304 3600 4.197 12.001 0 0 0 0 480 133231 20 0 16920
61008 37743.304 3600 4.213 13.519 0 0 0 0 504 145591 13 0 16920
61008 41343.304 3600 3.817 13.870 0 0 0 0 496 144557 7 0 16920
61008 44943.304 3600 3.554 13.173 0 0 0 0 504 134766 16 0 16920
61008 48543.304 3600 4.054 12.744 0 0 0 0 544 135750 5 0 16920
61008 52143.304 3600 3.824 12.262 0 0 0 0 496 130266 11 0 16920
61008 55743.304 3600 3.719 12.606 0 0 0 0 480 133414 10 0 16920
61008 59343.304 3600 3.699 13.048 0 0 0 0 496 135724 16 0 16920
61008 62943.304 3600 4.128 12.500 0 0 0 0 504 136044 10 0 16920
61008 66543.304 3600 4.084 13.706 0 0 0 0 520 143811 12 0 16920
61008 70143.304 3600 4.226 14.080 0 0 0 0 512 148078 10 0 16920
61008 73743.304 3600 3.994 13.093 0 0 0 0 536 137864 17 0 16920
61008 77343.304 3600 4.040 14.726 0 0 0 0 520 153587 12 0 16920
61008 80943.304 3600 3.783 12.386 0 0 0 0 512 130247 6 0 16920
61008 84543.304 3600 3.969 12.420 0 0 0 0 496 134611 9 0 16920
61009 1743.305 3600 4.160 13.660 0 0 0 0 512 145458 13 0 16920
61009 5343.304 3600 3.555 12.001 0 0 0 0 504 124578 8 0 16920
61009 8943.304 3600 3.764 14.069 0 0 0 0 488 144652 6 0 16920
61009 12543.304 3600 3.793 13.218 0 0 0 0 504 137785 10 0 16920
61009 16143.304 3600 4.757 13.649 0 0 0 0 488 151900 10 0 16920
61009 19743.304 3600 3.897 12.529 0 0 0 0 512 134492 8 0 16920
61009 23343.304 3600 3.903 12.291 0 0 0 0 528 130722 7 0 16920
61009 26943.304 3600 3.716 11.447 0 0 0 0 496 123197 12 0 16920
61009 30543.304 3600 4.174 13.234 0 0 0 0 520 143482 15 0 16920
61009 34143.304 3600 3.980 13.208 0 0 0 0 512 140534 6 0 16920
61009 37743.304 3600 3.354 11.692 0 0 0 0 528 120886 7 0 16920
61009 41343.304 3600 4.230 12.830 0 0 0 0 512 139402 8 0 16920
61009 44943.304 3600 3.914 11.761 0 0 0 0 512 126921 9 0 16920
61009 48543.304 3600 3.776 13.105 0 0 0 0 536 137690 13 0 16920
61009 52143.304 3600 3.607 11.617 0 0 0 0 512 122689 15 0 16920
61009 55743.304 3600 4.391 14.097 0 0 0 0 536 152061 15 0 16920
61009 59343.304 3600 4.091 13.630 0 0 0 0 472 145564 14 0 16920
61009 62943.304 3600 4.330 13.797 0 0 0 0 528 150423 9 0 16920
61009 66543.304 3600 3.921 12.647 0 0 0 0 496 136365 9 0 16920
61009 70143.304 3600 4.078 14.071 0 0 0 0 528 146687 6 0 16920
61009 73743.304 3600 4.032 13.602 0 0 0 0 480 142971 16 0 16920
61009 77343.304 3600 4.216 14.630 0 0 0 0 488 153953 23 0 16920
61009 80943.304 3600 4.747 14.943 0 0 0 0 504 163203 16 0 16920
61009 84543.304 3600 3.955 13.489 0 0 0 0 488 140151 17 0 16920
